ip,so_lan_bi_ban,lan_dau,lan_cuoi
176.122.119.52,5,2026-09-22 21:31:37,2026-09-23 01:58:17
189.141.11.142,5,2026-09-23 01:57:19,2026-09-24 16:16:50
189.203.252.238,5,2026-09-19 11:37:53,2026-09-24 00:08:43
189.89.93.115,5,2026-09-21 22:25:42,2026-09-23 01:58:18
190.21.138.238,5,2026-09-21 22:25:42,2026-09-23 22:50:19
95.67.177.35,5,2026-09-19 22:43:17,2026-09-22 13:19:40
109.224.242.157,4,2026-09-23 01:57:19,2026-09-24 13:07:20
138.117.119.246,4,2026-09-22 18:22:22,2026-09-23 01:58:17
170.239.200.129,4,2026-09-19 02:30:43,2026-09-24 00:08:44
177.91.64.186,4,2026-09-21 22:25:41,2026-09-22 16:27:26
177.94.128.113,4,2026-09-19 02:30:43,2026-09-19 11:37:53
179.51.123.195,4,2026-09-23 01:57:18,2026-09-23 19:21:08
179.51.143.149,4,2026-09-22 21:31:37,2026-09-25 00:25:15
186.219.52.229,4,2026-09-17 01:06:19,2026-09-24 17:57:46
189.171.160.226,4,2026-09-19 22:43:18,2026-09-22 13:19:40
201.114.137.142,4,2026-09-19 02:30:43,2026-09-23 20:21:00
201.25.27.164,4,2026-09-22 16:26:52,2026-09-25 00:25:16
45.227.140.159,4,2026-09-23 00:36:57,2026-09-25 00:25:15
8.243.160.233,4,2026-09-22 13:18:39,2026-09-23 02:02:42
85.175.197.113,4,2026-09-23 01:27:31,2026-09-23 01:35:57
88.238.181.49,4,2026-09-19 02:30:43,2026-09-23 19:21:04
101.109.33.0,3,2026-09-19 02:30:43,2026-09-19 02:36:43
102.129.81.206,3,2026-09-19 02:30:51,2026-09-19 02:36:53
102.210.24.6,3,2026-09-22 13:18:41,2026-09-22 23:16:20
102.32.3.236,3,2026-09-19 02:30:43,2026-09-19 02:36:43
102.66.146.6,3,2026-09-19 02:30:44,2026-09-19 02:36:47
102.66.182.34,3,2026-09-19 02:30:43,2026-09-19 02:36:43
103.134.195.64,3,2026-09-17 01:06:19,2026-09-17 01:06:19
103.134.27.241,3,2026-09-22 13:18:38,2026-09-22 13:19:40
103.143.243.251,3,2026-09-22 23:58:17,2026-09-23 01:27:32
103.158.125.167,3,2026-09-22 13:18:38,2026-09-22 13:19:40
103.169.53.207,3,2026-09-22 13:18:38,2026-09-22 13:19:40
103.170.253.210,3,2026-09-22 13:18:39,2026-09-22 13:19:41
103.180.94.79,3,2026-09-22 13:18:39,2026-09-22 13:19:40
103.26.246.22,3,2026-09-23 01:59:30,2026-09-25 00:25:15
103.35.108.164,3,2026-09-19 02:30:43,2026-09-19 02:36:44
103.78.227.213,3,2026-09-22 13:18:39,2026-09-22 13:19:40
105.99.216.166,3,2026-09-19 02:30:43,2026-09-19 02:36:45
108.50.136.209,3,2026-09-21 20:49:16,2026-09-24 17:57:45
109.220.152.97,3,2026-09-19 02:30:43,2026-09-19 02:36:43
111.197.36.170,3,2026-09-23 01:57:19,2026-09-23 01:58:18
117.223.203.47,3,2026-09-23 01:57:17,2026-09-23 01:58:17
124.107.65.136,3,2026-09-22 13:18:39,2026-09-22 13:19:41
125.212.159.15,3,2026-09-22 13:18:38,2026-09-22 13:19:39
131.100.131.18,3,2026-09-19 02:30:44,2026-09-19 02:36:44
138.185.195.177,3,2026-09-22 13:18:39,2026-09-22 13:19:40
138.219.9.181,3,2026-09-19 02:30:43,2026-09-19 02:36:44
138.84.37.68,3,2026-09-19 02:30:43,2026-09-19 02:36:45
138.94.7.74,3,2026-09-19 02:30:44,2026-09-19 02:36:44
138.94.86.219,3,2026-09-23 01:57:17,2026-09-23 01:58:17
138.99.56.83,3,2026-09-19 02:30:43,2026-09-19 02:36:44
14.178.217.163,3,2026-09-22 13:18:39,2026-09-22 13:19:40
14.233.77.185,3,2026-09-23 01:57:17,2026-09-23 01:58:17
141.98.209.139,3,2026-09-19 02:30:43,2026-09-19 02:36:43
143.0.56.82,3,2026-09-22 13:18:38,2026-09-22 13:19:40
143.208.234.166,3,2026-09-23 01:57:18,2026-09-23 01:58:17
143.255.187.144,3,2026-09-23 01:10:25,2026-09-25 00:25:23
143.44.225.73,3,2026-09-22 13:18:38,2026-09-22 13:19:40
148.230.199.82,3,2026-09-22 13:18:39,2026-09-22 13:19:41
151.244.145.119,3,2026-09-22 13:18:39,2026-09-22 13:19:40
151.248.23.132,3,2026-09-23 01:57:18,2026-09-23 01:58:17
157.100.189.91,3,2026-09-22 13:18:38,2026-09-22 13:19:39
157.49.45.25,3,2026-09-22 13:18:39,2026-09-22 13:19:40
158.140.165.24,3,2026-09-22 13:18:38,2026-09-22 13:19:39
160.176.100.155,3,2026-09-17 01:06:21,2026-09-17 01:06:21
165.120.223.91,3,2026-09-23 01:57:18,2026-09-23 01:58:17
165.73.181.70,3,2026-09-19 02:30:43,2026-09-19 02:36:44
166.114.135.119,3,2026-09-22 16:26:25,2026-09-22 18:22:22
168.100.203.21,3,2026-09-19 02:30:43,2026-09-19 02:36:44
168.181.239.88,3,2026-09-23 01:57:17,2026-09-23 01:58:17
168.228.200.160,3,2026-09-19 02:30:44,2026-09-19 02:36:46
168.232.162.230,3,2026-09-19 02:30:45,2026-09-19 02:36:47
168.232.228.95,3,2026-09-23 01:57:17,2026-09-23 01:58:17
169.224.12.52,3,2026-09-23 01:57:18,2026-09-23 01:58:17
170.238.138.0,3,2026-09-19 02:30:43,2026-09-19 02:36:44
170.238.80.183,3,2026-09-19 22:48:31,2026-09-19 22:48:31
170.245.195.54,3,2026-09-22 19:33:50,2026-09-23 01:28:33
170.78.236.63,3,2026-09-19 02:30:43,2026-09-19 02:36:43
170.81.211.43,3,2026-09-23 01:57:18,2026-09-23 01:58:18
171.213.248.21,3,2026-09-19 02:30:51,2026-09-19 02:36:58
171.97.236.107,3,2026-09-22 13:18:38,2026-09-22 13:19:39
176.110.138.35,3,2026-09-23 01:57:17,2026-09-23 01:58:17
176.111.51.166,3,2026-09-22 13:18:38,2026-09-22 13:19:39
177.1.156.235,3,2026-09-19 02:30:43,2026-09-19 02:36:44
177.10.70.134,3,2026-09-19 02:30:43,2026-09-19 02:36:43
177.112.117.122,3,2026-09-22 16:26:26,2026-09-22 23:58:22
177.124.155.13,3,2026-09-17 01:06:20,2026-09-19 22:48:31
177.129.242.137,3,2026-09-23 01:57:18,2026-09-23 01:58:17
177.170.215.217,3,2026-09-19 02:30:43,2026-09-19 02:36:44
177.172.227.25,3,2026-09-23 01:57:19,2026-09-23 01:58:17
177.191.51.135,3,2026-09-19 02:30:43,2026-09-19 02:36:44
177.22.170.91,3,2026-09-22 16:26:25,2026-09-24 16:16:51
177.227.104.190,3,2026-09-22 13:18:39,2026-09-22 13:19:40
177.245.251.211,3,2026-09-22 16:26:44,2026-09-22 23:58:15
177.246.34.239,3,2026-09-19 02:30:43,2026-09-19 02:36:43
177.66.49.193,3,2026-09-23 00:36:58,2026-09-23 19:21:04
177.67.144.234,3,2026-09-17 01:06:22,2026-09-17 01:06:22
177.71.16.20,3,2026-09-22 18:22:22,2026-09-24 17:57:46
177.84.216.56,3,2026-09-19 02:30:44,2026-09-19 02:36:49
178.120.6.248,3,2026-09-22 13:18:39,2026-09-22 13:19:40
178.168.205.222,3,2026-09-22 13:18:38,2026-09-22 13:19:39
178.20.177.106,3,2026-09-19 02:30:43,2026-09-19 02:36:44
179.108.0.34,3,2026-09-23 01:57:18,2026-09-23 01:58:17
179.119.79.126,3,2026-09-23 01:35:56,2026-09-23 21:20:34
179.125.139.206,3,2026-09-22 13:56:46,2026-09-23 01:57:41
179.125.228.154,3,2026-09-19 02:30:43,2026-09-19 02:36:44
179.126.0.168,3,2026-09-19 02:30:44,2026-09-19 02:37:19
179.165.12.200,3,2026-09-22 21:31:38,2026-09-23 00:36:58
179.189.44.158,3,2026-09-19 02:30:44,2026-09-19 02:36:46
179.191.206.170,3,2026-09-22 13:18:39,2026-09-23 00:53:46
179.223.118.46,3,2026-09-19 02:30:43,2026-09-19 02:36:44
179.25.89.190,3,2026-09-19 02:30:43,2026-09-19 02:36:44
179.49.80.129,3,2026-09-22 16:26:26,2026-09-22 17:28:19
179.56.198.208,3,2026-09-19 02:30:44,2026-09-19 02:36:45
179.60.86.208,3,2026-09-22 13:18:39,2026-09-22 13:19:40
179.94.161.148,3,2026-09-19 02:30:43,2026-09-19 02:36:43
181.115.171.123,3,2026-09-24 00:08:44,2026-09-25 00:25:16
181.166.31.218,3,2026-09-19 02:30:43,2026-09-19 02:36:43
181.177.129.223,3,2026-09-22 13:18:39,2026-09-22 13:19:40
181.189.104.214,3,2026-09-19 02:30:48,2026-09-19 02:36:53
181.208.81.61,3,2026-09-19 02:31:41,2026-09-19 02:39:34
181.61.208.71,3,2026-09-19 02:31:04,2026-09-19 02:37:05
182.48.68.84,3,2026-09-22 13:18:39,2026-09-22 13:19:41
184.22.71.194,3,2026-09-22 13:18:38,2026-09-22 13:19:39
185.211.68.199,3,2026-09-22 13:18:38,2026-09-22 13:19:40
185.5.254.59,3,2026-09-22 13:18:39,2026-09-22 13:19:40
185.53.228.194,3,2026-09-19 02:30:43,2026-09-19 02:36:44
185.93.44.15,3,2026-09-19 02:30:43,2026-09-19 02:36:43
186.115.107.211,3,2026-09-19 02:30:43,2026-09-19 02:36:44
186.195.35.250,3,2026-09-23 02:15:41,2026-09-25 01:22:36
186.196.50.129,3,2026-09-19 02:38:35,2026-09-19 02:44:36
186.196.50.208,3,2026-09-19 02:30:43,2026-09-19 02:36:43
186.205.16.244,3,2026-09-22 13:18:38,2026-09-22 13:19:39
186.232.28.139,3,2026-09-23 01:57:19,2026-09-23 01:58:18
186.233.177.14,3,2026-09-19 02:30:43,2026-09-19 02:36:44
186.249.158.180,3,2026-09-22 16:26:26,2026-09-22 22:56:03
186.249.213.138,3,2026-09-19 02:30:44,2026-09-19 02:36:44
186.26.105.11,3,2026-09-19 02:30:43,2026-09-19 02:36:43
186.53.42.167,3,2026-09-22 13:18:39,2026-09-22 13:19:40
186.57.92.237,3,2026-09-19 02:30:43,2026-09-19 02:36:44
186.68.166.196,3,2026-09-23 01:57:19,2026-09-23 01:58:18
186.78.12.243,3,2026-09-23 01:53:55,2026-09-23 01:54:56
186.82.85.245,3,2026-09-22 22:56:02,2026-09-25 01:22:36
187.103.217.41,3,2026-09-22 13:18:38,2026-09-22 13:19:40
187.109.128.254,3,2026-09-19 02:30:43,2026-09-19 02:36:44
187.120.52.194,3,2026-09-19 02:30:43,2026-09-19 02:36:43
187.183.48.44,3,2026-09-22 13:18:38,2026-09-22 13:19:40
187.19.131.44,3,2026-09-22 13:18:38,2026-09-22 13:19:40
187.190.167.231,3,2026-09-22 16:26:26,2026-09-22 18:22:22
187.199.136.58,3,2026-09-17 01:06:31,2026-09-23 02:14:32
187.244.109.41,3,2026-09-19 02:30:44,2026-09-19 02:36:45
187.249.92.244,3,2026-09-22 16:26:26,2026-09-23 01:53:56
187.35.228.236,3,2026-09-19 02:30:46,2026-09-19 02:36:54
187.90.238.209,3,2026-09-19 02:30:43,2026-09-19 02:36:43
187.94.164.85,3,2026-09-22 16:26:26,2026-09-23 19:21:05
188.26.195.220,3,2026-09-19 02:30:43,2026-09-19 02:36:44
189.113.67.119,3,2026-09-19 02:30:43,2026-09-19 02:36:44
189.124.117.104,3,2026-09-22 16:26:26,2026-09-23 02:15:36
189.162.216.200,3,2026-09-19 02:30:43,2026-09-19 02:36:45
189.217.136.38,3,2026-09-19 02:30:44,2026-09-19 02:36:45
189.223.23.164,3,2026-09-19 02:30:43,2026-09-19 02:36:43
189.80.109.113,3,2026-09-23 01:57:18,2026-09-23 01:58:17
189.89.57.47,3,2026-09-19 02:30:43,2026-09-19 02:36:44
190.0.247.108,3,2026-09-23 21:20:31,2026-09-25 00:25:16
190.101.131.238,3,2026-09-19 02:30:45,2026-09-19 02:36:51
190.111.109.176,3,2026-09-17 01:06:21,2026-09-23 01:35:57
190.12.104.132,3,2026-09-22 13:18:38,2026-09-22 13:19:39
190.141.121.93,3,2026-09-19 02:30:47,2026-09-19 02:36:50
190.193.73.147,3,2026-09-19 02:30:44,2026-09-19 02:36:46
190.217.151.169,3,2026-09-19 02:30:43,2026-09-19 02:36:43
190.253.118.85,3,2026-09-23 01:57:19,2026-09-23 01:58:17
190.5.37.169,3,2026-09-22 13:18:38,2026-09-22 13:19:39
191.111.247.95,3,2026-09-23 01:57:17,2026-09-23 01:58:17
191.128.6.75,3,2026-09-22 13:18:38,2026-09-22 13:19:39
191.177.191.108,3,2026-09-23 01:57:18,2026-09-23 01:58:17
191.181.59.162,3,2026-09-19 02:30:43,2026-09-19 02:36:43
191.186.58.212,3,2026-09-19 02:30:44,2026-09-19 02:36:55
191.197.194.222,3,2026-09-23 01:57:18,2026-09-23 01:58:17
191.240.38.240,3,2026-09-19 02:30:43,2026-09-19 02:36:44
191.242.223.12,3,2026-09-22 16:26:26,2026-09-23 02:15:36
191.254.200.108,3,2026-09-22 13:18:39,2026-09-22 13:19:42
192.141.112.184,3,2026-09-17 01:06:19,2026-09-17 01:06:19
192.223.121.176,3,2026-09-19 02:30:45,2026-09-19 02:36:47
193.56.148.255,3,2026-09-23 01:57:19,2026-09-23 01:58:17
194.35.235.42,3,2026-09-23 01:27:31,2026-09-23 01:28:32
196.188.178.26,3,2026-09-22 13:18:39,2026-09-22 13:19:41
197.91.66.168,3,2026-09-22 19:33:52,2026-09-22 21:31:38
198.163.195.52,3,2026-09-19 02:30:48,2026-09-19 02:36:53
200.106.193.178,3,2026-09-24 00:08:43,2026-09-25 00:25:15
200.14.122.126,3,2026-09-22 13:18:39,2026-09-22 13:19:40
200.150.254.250,3,2026-09-23 01:57:17,2026-09-23 01:58:17
200.150.74.178,3,2026-09-25 00:24:15,2026-09-25 01:22:36
200.151.20.254,3,2026-09-19 02:30:43,2026-09-19 02:36:44
200.153.153.54,3,2026-09-22 13:18:38,2026-09-22 13:19:39
200.155.170.62,3,2026-09-22 16:26:25,2026-09-23 20:21:01
200.220.174.30,3,2026-09-19 02:30:43,2026-09-19 02:36:44
200.222.247.18,3,2026-09-23 01:57:19,2026-09-23 01:58:17
200.41.113.216,3,2026-09-19 02:30:44,2026-09-19 02:36:45
200.50.155.63,3,2026-09-22 13:18:39,2026-09-22 13:19:40
201.0.178.166,3,2026-09-23 01:57:18,2026-09-23 01:58:18
201.110.16.187,3,2026-09-22 13:56:46,2026-09-23 01:58:17
201.141.26.226,3,2026-09-24 15:21:56,2026-09-25 01:22:36
201.173.66.114,3,2026-09-19 02:30:44,2026-09-19 02:36:45
201.182.169.107,3,2026-09-19 02:30:43,2026-09-19 02:36:44
201.241.74.184,3,2026-09-22 13:18:38,2026-09-22 13:19:40
201.35.31.21,3,2026-09-23 01:57:18,2026-09-23 01:58:17
201.68.43.105,3,2026-09-19 02:30:43,2026-09-19 02:36:43
201.68.98.176,3,2026-09-19 02:30:43,2026-09-19 02:36:44
201.75.182.140,3,2026-09-19 02:30:43,2026-09-19 02:36:44
201.81.233.206,3,2026-09-19 02:30:43,2026-09-19 02:36:43
201.93.195.21,3,2026-09-23 01:57:18,2026-09-23 02:15:35
202.141.53.44,3,2026-09-22 13:18:38,2026-09-22 13:19:40
202.79.34.198,3,2026-09-22 13:18:39,2026-09-22 13:19:40
210.213.201.44,3,2026-09-23 01:57:17,2026-09-23 01:58:17
213.230.87.104,3,2026-09-23 01:57:25,2026-09-23 01:58:19
217.65.123.201,3,2026-09-19 02:30:43,2026-09-19 02:36:43
27.130.117.143,3,2026-09-19 02:30:43,2026-09-19 02:36:44
27.34.69.222,3,2026-09-22 13:18:39,2026-09-22 13:19:41
31.43.251.197,3,2026-09-21 22:08:43,2026-09-23 01:55:03
31.9.214.192,3,2026-09-19 02:30:49,2026-09-19 02:36:58
36.37.155.194,3,2026-09-22 13:56:44,2026-09-24 00:08:44
37.212.26.36,3,2026-09-22 13:18:38,2026-09-22 13:19:40
38.134.139.202,3,2026-09-22 13:18:39,2026-09-22 13:19:42
38.183.184.120,3,2026-09-22 10:57:53,2026-09-23 01:27:32
38.191.38.93,3,2026-09-19 02:30:43,2026-09-19 02:36:44
38.21.16.29,3,2026-09-19 02:30:43,2026-09-19 02:36:44
38.210.126.18,3,2026-09-19 02:30:43,2026-09-19 02:36:43
38.3.167.142,3,2026-09-23 01:57:19,2026-09-23 01:58:17
38.74.255.32,3,2026-09-19 02:30:43,2026-09-19 02:36:43
41.25.43.58,3,2026-09-19 02:31:36,2026-09-19 02:37:37
43.229.167.12,3,2026-09-19 02:30:52,2026-09-19 02:37:01
45.160.194.4,3,2026-09-23 01:57:18,2026-09-23 01:58:17
45.162.255.45,3,2026-09-22 13:18:39,2026-09-22 13:19:40
45.166.30.72,3,2026-09-19 02:30:43,2026-09-19 02:36:43
45.170.66.137,3,2026-09-22 13:18:42,2026-09-23 01:11:27
45.174.149.118,3,2026-09-19 02:30:43,2026-09-19 02:36:43
45.176.165.80,3,2026-09-23 01:53:55,2026-09-23 01:54:56
45.179.5.24,3,2026-09-19 02:30:43,2026-09-19 02:36:44
45.179.70.87,3,2026-09-19 02:30:43,2026-09-19 02:36:43
45.190.115.191,3,2026-09-19 02:30:43,2026-09-19 02:36:43
45.225.171.65,3,2026-09-22 21:31:37,2026-09-23 00:55:48
45.226.238.173,3,2026-09-17 01:06:19,2026-09-17 01:07:46
45.229.166.248,3,2026-09-23 01:57:17,2026-09-23 01:58:17
45.231.182.252,3,2026-09-23 01:57:19,2026-09-23 01:58:18
45.235.250.40,3,2026-09-22 21:31:38,2026-09-25 00:25:15
45.237.110.241,3,2026-09-23 01:57:17,2026-09-23 01:58:17
45.238.41.10,3,2026-09-22 21:31:38,2026-09-25 00:25:16
45.252.76.102,3,2026-09-22 13:18:39,2026-09-22 13:19:40
45.4.3.227,3,2026-09-22 13:18:39,2026-09-22 13:19:40
45.5.111.241,3,2026-09-22 22:56:03,2026-09-23 01:57:46
46.200.61.116,3,2026-09-22 13:18:39,2026-09-22 13:19:40
46.201.163.120,3,2026-09-22 13:18:38,2026-09-22 13:19:39
46.34.227.244,3,2026-09-21 23:12:16,2026-09-23 22:50:27
46.39.72.139,3,2026-09-22 13:18:39,2026-09-22 13:19:41
49.145.36.95,3,2026-09-22 13:18:38,2026-09-22 13:19:40
58.65.220.239,3,2026-09-19 02:30:43,2026-09-19 02:36:43
61.230.34.155,3,2026-09-22 13:18:39,2026-09-22 13:19:40
81.173.237.241,3,2026-09-19 02:30:44,2026-09-19 02:36:46
81.220.112.126,3,2026-09-19 02:30:43,2026-09-19 02:36:43
81.65.164.48,3,2026-09-17 01:06:19,2026-09-17 01:06:19
81.65.167.48,3,2026-09-19 02:30:43,2026-09-19 02:36:43
82.78.181.146,3,2026-09-19 02:30:45,2026-09-19 02:36:52
84.54.71.6,3,2026-09-17 01:06:32,2026-09-24 23:56:13
85.113.97.157,3,2026-09-23 02:14:31,2026-09-23 22:50:19
88.15.49.146,3,2026-09-22 16:26:26,2026-09-24 17:57:46
88.174.48.121,3,2026-09-21 22:08:43,2026-09-22 23:16:20
88.178.47.132,3,2026-09-22 13:18:39,2026-09-22 13:19:40
89.80.231.65,3,2026-09-23 01:57:17,2026-09-23 01:58:17
89.93.188.192,3,2026-09-23 01:57:17,2026-09-23 01:58:17
91.117.232.42,3,2026-09-23 01:57:19,2026-09-23 01:58:17
91.193.172.182,3,2026-09-22 13:18:39,2026-09-22 13:19:41
91.219.168.100,3,2026-09-22 13:18:38,2026-09-22 13:19:39
91.231.41.52,3,2026-09-22 13:18:38,2026-09-22 13:19:39
95.210.100.44,3,2026-09-19 02:30:44,2026-09-19 02:36:46
95.86.50.74,3,2026-09-19 02:30:44,2026-09-19 02:36:46
99.237.178.239,3,2026-09-21 22:25:41,2026-09-24 00:08:45
1.187.181.20,2,2026-09-19 22:43:17,2026-09-19 22:44:19
1.187.227.7,2,2026-09-21 23:11:36,2026-09-21 23:12:38
1.187.69.39,2,2026-09-22 10:57:53,2026-09-22 10:57:54
1.46.130.113,2,2026-09-19 22:43:17,2026-09-19 22:44:17
1.53.168.75,2,2026-09-17 01:06:43,2026-09-17 01:07:48
1.55.40.207,2,2026-09-23 01:59:22,2026-09-23 02:00:31
100.0.5.174,2,2026-09-22 19:33:50,2026-09-22 19:33:51
101.0.62.29,2,2026-09-21 23:11:36,2026-09-21 23:12:36
101.108.110.151,2,2026-09-23 01:57:19,2026-09-23 01:57:41
101.51.161.18,2,2026-09-19 22:43:16,2026-09-19 22:44:17
102.107.131.238,2,2026-09-23 02:15:35,2026-09-23 02:16:36
102.138.81.215,2,2026-09-22 10:57:53,2026-09-22 10:57:54
102.176.77.3,2,2026-09-23 01:54:02,2026-09-23 01:55:03
102.179.42.251,2,2026-09-22 21:31:39,2026-09-23 21:20:31
102.201.118.29,2,2026-09-21 22:08:44,2026-09-21 22:09:45
102.201.196.226,2,2026-09-22 10:57:54,2026-09-22 10:57:55
102.202.149.41,2,2026-09-17 01:07:01,2026-09-17 01:08:04
102.203.42.23,2,2026-09-23 01:55:03,2026-09-23 01:56:03
102.204.4.22,2,2026-09-17 01:06:36,2026-09-17 01:07:38
102.204.89.96,2,2026-09-17 01:06:31,2026-09-17 01:07:32
102.204.90.237,2,2026-09-17 01:06:37,2026-09-17 01:07:39
102.205.236.195,2,2026-09-19 22:43:17,2026-09-19 22:44:18
102.206.140.89,2,2026-09-17 01:06:30,2026-09-17 01:07:31
102.206.206.39,2,2026-09-19 22:48:31,2026-09-19 22:48:31
102.206.95.150,2,2026-09-22 19:33:50,2026-09-22 19:33:51
102.209.222.195,2,2026-09-23 00:54:48,2026-09-23 00:55:48
102.209.222.34,2,2026-09-22 16:26:26,2026-09-22 16:27:26
102.210.152.53,2,2026-09-24 15:22:00,2026-09-24 15:23:07
102.213.1.121,2,2026-09-17 01:06:37,2026-09-17 01:07:40
102.213.132.42,2,2026-09-24 15:21:58,2026-09-24 15:22:58
102.213.15.185,2,2026-09-19 22:43:18,2026-09-19 22:44:20
102.214.117.46,2,2026-09-19 22:43:17,2026-09-19 22:44:17
102.214.255.118,2,2026-09-17 01:06:32,2026-09-17 01:07:35
102.216.218.156,2,2026-09-22 18:22:24,2026-09-23 01:35:59
102.216.51.192,2,2026-09-19 22:43:18,2026-09-19 22:44:19
102.216.75.141,2,2026-09-19 22:43:25,2026-09-19 22:44:29
102.217.41.29,2,2026-09-23 01:45:12,2026-09-23 01:45:13
102.218.149.167,2,2026-09-17 01:06:33,2026-09-17 01:07:38
102.218.219.102,2,2026-09-25 00:24:15,2026-09-25 00:25:15
102.22.201.33,2,2026-09-21 22:09:09,2026-09-21 22:10:16
102.23.23.169,2,2026-09-23 01:09:23,2026-09-23 01:10:23
102.249.3.7,2,2026-09-21 23:11:34,2026-09-21 23:12:35
102.29.190.192,2,2026-09-19 22:43:20,2026-09-19 22:44:21
102.38.1.172,2,2026-09-17 01:07:00,2026-09-17 01:08:09
102.64.161.137,2,2026-09-23 02:14:32,2026-09-23 02:15:32
102.64.219.1,2,2026-09-23 01:11:27,2026-09-23 01:12:27
102.66.155.42,2,2026-09-21 23:11:34,2026-09-21 23:12:35
102.67.181.231,2,2026-09-24 15:21:56,2026-09-24 15:22:56
102.68.132.3,2,2026-09-23 02:15:35,2026-09-23 02:16:36
103.100.235.185,2,2026-09-22 16:26:26,2026-09-22 16:27:27
103.100.235.52,2,2026-09-19 22:43:16,2026-09-19 22:44:17
103.103.43.31,2,2026-09-17 01:06:31,2026-09-17 01:07:47
103.107.79.247,2,2026-09-22 16:26:26,2026-09-22 16:27:26
103.111.122.168,2,2026-09-22 17:28:17,2026-09-22 17:28:18
103.111.225.132,2,2026-09-22 16:26:26,2026-09-22 16:27:27
103.111.89.12,2,2026-09-21 22:25:41,2026-09-21 22:25:42
103.112.237.73,2,2026-09-22 16:26:26,2026-09-22 16:27:27
103.114.66.33,2,2026-09-21 22:08:44,2026-09-21 22:09:44
103.114.97.93,2,2026-09-24 15:21:56,2026-09-24 15:22:56
103.115.198.146,2,2026-09-17 01:06:32,2026-09-17 01:07:36
103.120.170.79,2,2026-09-19 22:43:17,2026-09-19 22:44:17
103.124.226.159,2,2026-09-21 23:11:34,2026-09-21 23:12:36
103.126.219.45,2,2026-09-23 00:36:57,2026-09-23 00:36:58
103.127.170.211,2,2026-09-21 23:11:34,2026-09-21 23:12:35
103.130.18.7,2,2026-09-22 10:57:53,2026-09-22 10:57:54
103.132.100.192,2,2026-09-21 22:08:58,2026-09-21 22:10:08
103.133.200.169,2,2026-09-22 13:18:39,2026-09-22 13:18:40
103.133.200.24,2,2026-09-19 22:43:18,2026-09-19 22:44:20
103.138.145.112,2,2026-09-24 15:21:56,2026-09-24 15:22:56
103.139.253.157,2,2026-09-21 23:11:34,2026-09-21 23:12:34
103.139.254.144,2,2026-09-22 16:26:25,2026-09-22 16:27:26
103.141.3.19,2,2026-09-19 22:43:17,2026-09-19 22:44:18
103.148.128.96,2,2026-09-19 22:45:05,2026-09-19 22:46:41
103.150.68.138,2,2026-09-17 01:06:40,2026-09-17 01:07:40
103.151.46.242,2,2026-09-21 22:08:44,2026-09-21 22:09:44
103.151.47.212,2,2026-09-21 22:08:44,2026-09-21 22:09:44
103.152.117.15,2,2026-09-24 15:21:57,2026-09-24 15:22:59
103.153.170.220,2,2026-09-21 23:11:34,2026-09-21 23:12:35
103.153.211.118,2,2026-09-22 21:31:37,2026-09-22 21:31:38
103.153.66.191,2,2026-09-17 01:06:30,2026-09-17 01:07:31
103.154.171.40,2,2026-09-17 01:06:36,2026-09-17 01:07:37
103.154.48.145,2,2026-09-22 13:18:39,2026-09-22 13:19:40
103.155.196.135,2,2026-09-22 16:26:26,2026-09-22 16:27:27
103.156.155.230,2,2026-09-19 22:43:16,2026-09-19 22:44:17
103.156.189.172,2,2026-09-17 01:06:21,2026-09-17 01:06:21
103.156.71.30,2,2026-09-17 01:06:30,2026-09-17 01:07:31
103.159.172.181,2,2026-09-17 01:06:30,2026-09-17 01:07:31
103.159.194.169,2,2026-09-23 00:37:01,2026-09-24 17:57:46
103.16.31.119,2,2026-09-19 22:43:18,2026-09-19 22:44:18
103.162.136.123,2,2026-09-23 01:57:19,2026-09-23 01:57:41
103.165.68.197,2,2026-09-19 22:43:19,2026-09-19 22:44:21
103.166.13.147,2,2026-09-21 21:28:50,2026-09-21 21:29:51
103.166.152.42,2,2026-09-23 00:27:02,2026-09-23 21:20:31
103.166.171.34,2,2026-09-21 22:25:41,2026-09-21 22:25:42
103.167.130.204,2,2026-09-24 15:21:56,2026-09-24 15:22:56
103.171.20.166,2,2026-09-21 22:08:43,2026-09-21 22:09:43
103.172.29.245,2,2026-09-24 15:21:59,2026-09-24 15:23:00
103.172.4.32,2,2026-09-19 22:43:17,2026-09-19 22:44:18
103.173.175.54,2,2026-09-22 23:16:19,2026-09-22 23:16:20
103.173.2.216,2,2026-09-24 15:21:56,2026-09-24 15:22:57
103.179.11.55,2,2026-09-22 13:18:44,2026-09-22 13:19:53
103.181.154.254,2,2026-09-19 22:43:17,2026-09-19 22:44:18
103.181.208.249,2,2026-09-23 01:45:12,2026-09-23 01:45:13
103.181.216.174,2,2026-09-19 22:43:18,2026-09-19 22:44:20
103.181.25.102,2,2026-09-21 22:25:41,2026-09-21 22:25:42
103.186.199.212,2,2026-09-23 01:27:31,2026-09-23 01:27:32
103.187.102.10,2,2026-09-23 01:53:56,2026-09-23 01:53:57
103.187.102.144,2,2026-09-22 13:18:43,2026-09-22 13:19:45
103.189.11.71,2,2026-09-22 10:57:53,2026-09-22 10:57:54
103.189.48.183,2,2026-09-19 22:43:20,2026-09-19 22:44:21
103.190.204.88,2,2026-09-22 16:26:26,2026-09-22 16:27:26
103.190.40.89,2,2026-09-21 23:11:34,2026-09-21 23:12:35
103.190.41.210,2,2026-09-19 22:43:17,2026-09-19 22:44:17
103.190.85.74,2,2026-09-22 21:31:37,2026-09-22 21:31:38
103.192.66.56,2,2026-09-19 22:43:17,2026-09-19 22:44:18
103.2.135.121,2,2026-09-23 01:27:32,2026-09-23 01:27:33
103.202.222.29,2,2026-09-24 15:21:55,2026-09-24 15:22:56
103.204.92.136,2,2026-09-23 00:36:57,2026-09-23 00:36:58
103.207.83.168,2,2026-09-19 22:43:18,2026-09-19 22:44:19
103.217.121.100,2,2026-09-24 15:21:56,2026-09-24 15:22:56
103.226.186.242,2,2026-09-22 19:33:50,2026-09-22 19:33:51
103.238.108.157,2,2026-09-24 15:21:55,2026-09-24 15:22:56
103.24.88.7,2,2026-09-17 01:06:31,2026-09-17 01:07:33
103.240.204.136,2,2026-09-21 21:28:51,2026-09-21 21:29:51
103.240.235.233,2,2026-09-24 15:21:56,2026-09-24 15:22:57
103.245.170.23,2,2026-09-22 13:18:40,2026-09-22 13:19:40
103.251.54.156,2,2026-09-23 00:27:01,2026-09-23 00:27:02
103.251.8.54,2,2026-09-23 01:55:03,2026-09-23 01:56:03
103.253.150.2,2,2026-09-22 13:18:40,2026-09-22 13:19:41
103.3.221.203,2,2026-09-21 22:08:43,2026-09-21 22:09:44
103.30.63.77,2,2026-09-19 22:43:17,2026-09-19 22:44:18
103.31.11.132,2,2026-09-19 22:43:17,2026-09-19 22:44:17
103.40.156.51,2,2026-09-23 00:27:01,2026-09-23 00:27:02
103.46.200.197,2,2026-09-19 22:43:18,2026-09-19 22:44:27
103.59.177.106,2,2026-09-24 15:21:56,2026-09-24 15:22:56
103.59.177.21,2,2026-09-22 13:56:45,2026-09-23 20:21:02
103.66.8.170,2,2026-09-21 23:11:34,2026-09-21 23:12:34
103.68.29.30,2,2026-09-22 13:18:46,2026-09-22 13:19:50
103.69.113.129,2,2026-09-23 01:27:31,2026-09-23 01:27:32
103.72.9.2,2,2026-09-21 23:11:34,2026-09-21 23:12:35
103.74.138.137,2,2026-09-22 10:57:53,2026-09-22 10:57:54
103.77.117.97,2,2026-09-21 21:28:50,2026-09-21 21:29:51
103.77.3.28,2,2026-09-19 22:43:17,2026-09-19 22:44:18
103.83.146.205,2,2026-09-22 13:18:39,2026-09-22 13:18:40
103.83.189.163,2,2026-09-21 21:28:51,2026-09-21 21:29:51
103.84.105.175,2,2026-09-22 13:18:40,2026-09-22 13:19:41
103.84.105.235,2,2026-09-25 00:24:15,2026-09-25 00:25:15
103.87.28.70,2,2026-09-17 01:06:34,2026-09-17 01:07:39
103.95.165.249,2,2026-09-21 22:08:43,2026-09-21 22:09:43
103.96.107.157,2,2026-09-19 22:43:17,2026-09-19 22:44:18
103.98.129.232,2,2026-09-22 17:28:17,2026-09-22 17:28:18
103.98.130.220,2,2026-09-22 16:26:26,2026-09-22 16:27:26
104.244.231.107,2,2026-09-23 02:14:32,2026-09-23 02:15:32
104.3.61.181,2,2026-09-22 21:31:39,2026-09-24 00:08:45
105.100.155.222,2,2026-09-22 10:57:53,2026-09-22 10:57:54
105.100.78.57,2,2026-09-19 22:43:16,2026-09-19 22:44:17
105.103.194.137,2,2026-09-19 22:43:17,2026-09-19 22:44:18
105.118.74.215,2,2026-09-19 22:43:40,2026-09-19 22:45:11
105.119.15.40,2,2026-09-23 01:59:43,2026-09-23 02:00:43
105.137.153.101,2,2026-09-23 01:53:55,2026-09-23 01:53:56
105.163.158.215,2,2026-09-22 17:28:17,2026-09-22 17:28:18
105.165.118.56,2,2026-09-17 01:06:37,2026-09-17 01:07:39
105.168.160.147,2,2026-09-21 22:08:47,2026-09-21 22:09:51
105.168.223.54,2,2026-09-22 13:18:44,2026-09-22 13:19:47
105.168.40.147,2,2026-09-23 01:09:30,2026-09-23 01:10:36
105.172.217.126,2,2026-09-21 23:11:36,2026-09-21 23:12:39
105.172.69.246,2,2026-09-23 01:55:06,2026-09-23 01:56:06
105.209.176.96,2,2026-09-21 23:11:36,2026-09-21 23:12:37
105.246.90.158,2,2026-09-22 13:18:39,2026-09-22 13:18:40
105.96.247.100,2,2026-09-24 15:21:55,2026-09-24 15:22:56
106.192.208.53,2,2026-09-21 23:12:17,2026-09-21 23:13:22
106.200.12.28,2,2026-09-19 22:43:17,2026-09-19 22:44:18
106.205.172.241,2,2026-09-22 17:28:18,2026-09-22 17:28:19
106.215.160.68,2,2026-09-21 22:08:43,2026-09-21 22:09:43
106.219.151.229,2,2026-09-17 01:06:30,2026-09-17 01:07:31
106.219.219.82,2,2026-09-21 22:08:43,2026-09-21 22:09:43
106.219.233.88,2,2026-09-21 23:11:35,2026-09-21 23:12:36
106.221.208.152,2,2026-09-21 21:28:50,2026-09-21 21:29:51
106.222.217.127,2,2026-09-21 23:11:34,2026-09-21 23:12:34
106.222.217.82,2,2026-09-17 01:06:31,2026-09-17 01:07:33
106.222.229.146,2,2026-09-24 15:21:57,2026-09-24 15:22:57
106.222.251.168,2,2026-09-21 22:08:44,2026-09-21 22:09:45
106.51.162.3,2,2026-09-21 22:08:43,2026-09-21 22:09:43
107.222.117.41,2,2026-09-21 23:11:34,2026-09-21 23:12:34
108.86.100.229,2,2026-09-17 01:06:42,2026-09-17 01:07:44
109.104.167.178,2,2026-09-24 15:21:55,2026-09-24 15:22:56
109.172.227.179,2,2026-09-22 19:33:50,2026-09-22 19:33:51
109.196.75.7,2,2026-09-21 22:08:43,2026-09-21 22:09:43
110.224.172.187,2,2026-09-17 01:06:37,2026-09-17 01:07:38
110.226.114.14,2,2026-09-17 01:06:20,2026-09-17 01:06:20
110.226.115.188,2,2026-09-22 10:57:53,2026-09-22 10:57:54
110.38.243.155,2,2026-09-24 15:22:19,2026-09-24 15:23:21
110.93.88.89,2,2026-09-22 10:57:54,2026-09-22 10:57:55
111.92.114.232,2,2026-09-23 00:36:57,2026-09-23 00:36:58
111.92.157.133,2,2026-09-19 22:43:17,2026-09-19 22:44:17
111.92.86.27,2,2026-09-17 01:06:37,2026-09-17 01:07:39
112.200.40.91,2,2026-09-22 13:18:40,2026-09-22 13:19:41
112.202.104.255,2,2026-09-24 15:21:56,2026-09-24 15:22:56
112.203.196.172,2,2026-09-21 23:11:34,2026-09-21 23:12:34
112.204.117.207,2,2026-09-23 00:27:01,2026-09-23 00:27:02
112.208.233.177,2,2026-09-22 13:18:40,2026-09-22 13:19:41
112.211.125.62,2,2026-09-22 13:18:39,2026-09-22 13:19:40
112.211.83.247,2,2026-09-23 02:14:31,2026-09-23 02:14:32
113.164.144.159,2,2026-09-17 00:23:29,2026-09-17 00:24:43
113.188.71.168,2,2026-09-21 22:08:43,2026-09-21 22:09:43
113.19.143.27,2,2026-09-19 22:43:16,2026-09-19 22:44:17
113.71.249.15,2,2026-09-23 00:36:57,2026-09-23 00:36:58
114.10.39.135,2,2026-09-19 22:43:17,2026-09-19 22:44:17
114.130.156.61,2,2026-09-23 01:45:12,2026-09-23 01:45:13
114.130.180.12,2,2026-09-21 22:09:20,2026-09-21 22:10:21
114.142.164.84,2,2026-09-17 01:06:30,2026-09-17 01:07:31
115.164.61.134,2,2026-09-22 13:18:52,2026-09-22 13:20:06
115.186.50.33,2,2026-09-19 22:43:20,2026-09-19 22:44:31
115.73.253.70,2,2026-09-17 21:39:11,2026-09-17 21:40:15
115.87.54.28,2,2026-09-17 01:06:36,2026-09-17 01:07:36
116.101.160.97,2,2026-09-22 17:28:17,2026-09-22 17:28:18
116.108.167.186,2,2026-09-17 00:23:28,2026-09-17 00:24:43
116.110.41.36,2,2026-09-17 01:06:30,2026-09-17 01:07:31
116.111.185.15,2,2026-09-21 21:28:50,2026-09-21 21:29:50
116.171.164.207,2,2026-09-22 16:26:25,2026-09-22 16:27:25
117.96.139.90,2,2026-09-21 23:11:34,2026-09-21 23:12:46
118.101.134.9,2,2026-09-22 16:26:25,2026-09-22 16:27:26
118.101.235.50,2,2026-09-25 00:24:14,2026-09-25 00:25:14
118.172.59.64,2,2026-09-19 22:43:16,2026-09-19 22:44:17
118.173.34.4,2,2026-09-17 01:06:59,2026-09-17 01:08:00
119.13.153.198,2,2026-09-19 22:43:20,2026-09-19 22:44:21
119.156.43.122,2,2026-09-17 01:07:49,2026-09-17 01:08:50
119.252.193.172,2,2026-09-21 23:11:34,2026-09-21 23:12:35
119.73.98.88,2,2026-09-17 01:06:45,2026-09-17 01:07:49
120.158.164.74,2,2026-09-22 10:57:53,2026-09-22 10:57:54
120.29.108.111,2,2026-09-22 13:18:39,2026-09-22 13:19:40
120.29.79.127,2,2026-09-23 00:36:57,2026-09-23 00:36:58
120.29.79.132,2,2026-09-19 22:43:17,2026-09-19 22:44:17
121.121.57.117,2,2026-09-17 01:06:19,2026-09-17 01:06:19
121.46.71.58,2,2026-09-22 10:57:54,2026-09-22 10:57:55
122.161.243.89,2,2026-09-22 23:16:19,2026-09-22 23:16:20
122.161.52.186,2,2026-09-19 22:43:17,2026-09-19 22:44:18
122.168.5.26,2,2026-09-21 22:08:43,2026-09-21 22:09:43
122.168.7.76,2,2026-09-22 13:18:40,2026-09-22 13:19:43
122.180.243.87,2,2026-09-19 22:43:17,2026-09-19 22:44:18
122.183.32.6,2,2026-09-21 23:11:34,2026-09-21 23:12:34
122.183.40.148,2,2026-09-22 13:18:39,2026-09-22 13:19:41
122.183.45.148,2,2026-09-22 13:18:40,2026-09-22 13:19:41
122.183.45.210,2,2026-09-19 22:43:22,2026-09-19 22:44:29
122.187.232.154,2,2026-09-22 16:26:47,2026-09-22 16:28:15
122.3.190.229,2,2026-09-22 17:28:17,2026-09-22 17:28:18
123.185.215.59,2,2026-09-23 02:15:35,2026-09-23 21:20:32
124.104.185.118,2,2026-09-22 13:18:40,2026-09-22 13:19:42
124.122.223.57,2,2026-09-23 01:45:12,2026-09-23 01:45:13
125.24.129.90,2,2026-09-17 01:06:30,2026-09-17 01:06:30
125.62.125.53,2,2026-09-22 13:18:42,2026-09-22 13:19:44
126.209.75.230,2,2026-09-22 10:57:53,2026-09-22 10:57:54
128.201.103.190,2,2026-09-24 15:21:58,2026-09-24 15:23:02
128.201.116.243,2,2026-09-23 01:57:18,2026-09-23 01:58:17
128.201.65.130,2,2026-09-22 16:26:25,2026-09-22 16:27:25
128.201.79.12,2,2026-09-22 23:16:19,2026-09-22 23:16:20
128.201.96.186,2,2026-09-22 22:56:03,2026-09-23 01:35:57
128.79.3.76,2,2026-09-25 00:24:14,2026-09-25 00:25:15
129.0.60.184,2,2026-09-23 01:59:32,2026-09-23 02:00:32
129.222.109.225,2,2026-09-21 23:11:34,2026-09-21 23:12:36
131.0.125.199,2,2026-09-22 13:18:39,2026-09-22 13:18:41
131.0.203.11,2,2026-09-17 01:06:31,2026-09-17 01:07:31
131.0.227.64,2,2026-09-23 01:27:31,2026-09-23 01:27:32
131.0.51.164,2,2026-09-21 22:25:41,2026-09-21 22:25:42
131.108.143.255,2,2026-09-23 01:58:21,2026-09-23 01:59:21
131.196.167.225,2,2026-09-22 13:18:39,2026-09-22 13:19:41
131.196.43.233,2,2026-09-23 01:35:56,2026-09-23 01:35:57
131.221.233.172,2,2026-09-23 01:57:18,2026-09-23 01:58:17
131.221.48.252,2,2026-09-22 16:26:28,2026-09-22 16:27:29
131.221.54.42,2,2026-09-22 21:31:39,2026-09-23 21:20:31
131.255.203.51,2,2026-09-22 16:26:26,2026-09-22 16:27:27
131.72.198.130,2,2026-09-23 01:45:12,2026-09-23 01:45:13
132.255.109.138,2,2026-09-17 01:06:33,2026-09-17 01:07:39
132.255.109.217,2,2026-09-23 01:45:12,2026-09-23 01:45:13
132.255.94.78,2,2026-09-22 13:18:39,2026-09-22 13:19:39
136.158.117.194,2,2026-09-22 13:18:39,2026-09-22 13:19:40
136.239.224.180,2,2026-09-22 10:57:53,2026-09-22 10:57:54
136.239.226.46,2,2026-09-23 01:27:31,2026-09-23 01:27:32
136.34.151.70,2,2026-09-25 00:24:14,2026-09-25 00:25:15
138.0.178.185,2,2026-09-23 01:53:55,2026-09-23 01:53:56
138.117.16.75,2,2026-09-24 15:21:56,2026-09-24 15:22:57
138.117.209.80,2,2026-09-22 16:26:25,2026-09-22 16:27:26
138.121.58.124,2,2026-09-22 21:31:37,2026-09-22 21:31:38
138.122.122.143,2,2026-09-21 22:25:41,2026-09-21 22:25:42
138.185.203.101,2,2026-09-25 00:24:18,2026-09-25 00:25:20
138.185.203.93,2,2026-09-21 22:25:41,2026-09-21 22:25:42
138.186.109.57,2,2026-09-25 00:24:15,2026-09-25 00:25:15
138.199.91.173,2,2026-09-17 01:06:31,2026-09-17 01:07:31
138.204.130.93,2,2026-09-22 16:27:04,2026-09-22 16:28:04
138.204.210.23,2,2026-09-21 22:08:43,2026-09-21 22:09:43
138.219.115.90,2,2026-09-24 15:21:56,2026-09-24 15:22:57
138.219.250.14,2,2026-09-22 13:18:55,2026-09-22 13:19:57
138.219.67.17,2,2026-09-24 15:21:57,2026-09-24 15:22:58
138.252.130.216,2,2026-09-22 22:56:02,2026-09-23 02:15:35
138.252.74.138,2,2026-09-21 22:08:43,2026-09-21 22:09:44
138.36.134.153,2,2026-09-21 22:25:41,2026-09-21 22:25:42
138.36.41.184,2,2026-09-23 00:36:57,2026-09-23 00:36:58
138.36.98.77,2,2026-09-19 22:43:17,2026-09-19 22:44:17
138.59.131.5,2,2026-09-22 16:26:26,2026-09-22 16:27:26
138.84.138.12,2,2026-09-22 10:57:54,2026-09-22 10:57:55
138.84.156.58,2,2026-09-22 13:18:41,2026-09-22 13:19:42
138.84.37.77,2,2026-09-17 01:06:32,2026-09-17 01:07:35
138.84.62.158,2,2026-09-17 01:06:20,2026-09-17 01:06:20
138.94.177.164,2,2026-09-23 01:57:19,2026-09-23 01:57:42
138.99.199.248,2,2026-09-23 02:14:31,2026-09-23 02:14:32
138.99.254.162,2,2026-09-23 01:57:18,2026-09-23 01:58:17
138.99.81.7,2,2026-09-17 01:06:38,2026-09-17 01:07:42
139.135.133.123,2,2026-09-21 22:08:43,2026-09-21 22:09:44
14.186.122.208,2,2026-09-22 13:18:39,2026-09-22 13:19:39
14.191.98.106,2,2026-09-17 00:23:29,2026-09-17 00:24:43
14.229.46.1,2,2026-09-25 00:24:14,2026-09-25 00:25:15
14.248.77.71,2,2026-09-22 13:18:42,2026-09-22 13:19:43
140.213.187.81,2,2026-09-17 01:08:02,2026-09-17 01:09:06
141.105.139.41,2,2026-09-19 22:43:17,2026-09-19 22:44:17
141.164.243.154,2,2026-09-19 22:43:17,2026-09-19 22:44:17
142.186.33.102,2,2026-09-22 10:57:54,2026-09-22 10:57:55
143.0.190.252,2,2026-09-19 22:43:20,2026-09-19 22:44:21
143.0.56.113,2,2026-09-19 22:43:17,2026-09-19 22:44:19
143.0.69.63,2,2026-09-19 22:43:17,2026-09-19 22:44:18
143.105.65.143,2,2026-09-25 00:24:15,2026-09-25 00:25:15
143.137.39.103,2,2026-09-23 01:27:31,2026-09-23 01:27:32
143.202.109.187,2,2026-09-22 18:22:22,2026-09-22 22:56:02
143.255.14.146,2,2026-09-21 20:49:17,2026-09-21 22:25:46
143.255.164.197,2,2026-09-19 22:43:18,2026-09-19 22:44:21
143.44.129.69,2,2026-09-22 10:57:53,2026-09-22 10:57:54
146.120.200.60,2,2026-09-21 23:11:34,2026-09-21 23:12:35
146.120.251.29,2,2026-09-22 16:26:25,2026-09-22 16:27:26
147.235.216.161,2,2026-09-22 13:56:44,2026-09-22 23:58:15
148.222.194.127,2,2026-09-17 01:06:31,2026-09-17 01:07:31
148.222.194.143,2,2026-09-21 23:11:34,2026-09-21 23:12:34
148.227.69.86,2,2026-09-22 13:18:40,2026-09-22 13:19:41
148.227.90.104,2,2026-09-21 22:25:41,2026-09-21 22:25:42
148.227.90.141,2,2026-09-23 01:57:18,2026-09-23 01:58:17
148.246.51.135,2,2026-09-23 18:12:01,2026-09-24 16:16:51
149.107.251.15,2,2026-09-19 22:43:18,2026-09-19 22:44:19
149.30.138.109,2,2026-09-21 21:28:50,2026-09-21 21:29:50
150.228.145.96,2,2026-09-23 01:58:21,2026-09-23 18:12:01
151.244.146.96,2,2026-09-22 13:18:42,2026-09-22 13:19:43
151.249.173.59,2,2026-09-24 15:21:56,2026-09-24 15:22:56
151.33.83.133,2,2026-09-25 00:24:15,2026-09-25 00:25:16
152.173.111.207,2,2026-09-23 02:14:31,2026-09-23 02:14:32
152.201.218.204,2,2026-09-23 01:53:56,2026-09-23 01:54:59
152.234.69.161,2,2026-09-25 00:24:15,2026-09-25 00:25:15
152.245.12.46,2,2026-09-23 01:35:56,2026-09-23 01:35:57
152.249.160.81,2,2026-09-21 22:25:41,2026-09-21 22:25:42
152.56.1.25,2,2026-09-19 22:43:24,2026-09-19 22:44:32
152.56.167.8,2,2026-09-23 01:53:57,2026-09-23 01:54:57
152.56.69.94,2,2026-09-17 01:06:32,2026-09-17 01:07:34
152.58.131.144,2,2026-09-19 22:43:17,2026-09-19 22:44:18
152.58.154.207,2,2026-09-21 21:28:50,2026-09-21 21:29:51
152.58.185.139,2,2026-09-17 01:06:37,2026-09-17 01:07:42
152.58.35.209,2,2026-09-19 22:43:36,2026-09-19 22:44:37
152.59.15.210,2,2026-09-22 13:18:40,2026-09-22 13:19:41
152.59.16.90,2,2026-09-19 22:43:20,2026-09-19 22:44:25
152.59.59.108,2,2026-09-23 01:11:27,2026-09-23 01:12:27
152.59.84.253,2,2026-09-19 22:43:17,2026-09-19 22:44:17
153.67.105.48,2,2026-09-24 15:21:59,2026-09-24 15:23:00
153.67.41.113,2,2026-09-23 01:45:12,2026-09-23 01:45:13
153.67.5.127,2,2026-09-21 22:08:44,2026-09-21 22:09:45
153.67.7.219,2,2026-09-19 22:43:17,2026-09-19 22:44:20
153.67.85.145,2,2026-09-24 15:21:56,2026-09-24 15:22:57
154.116.4.189,2,2026-09-19 22:43:18,2026-09-19 22:44:19
154.117.150.90,2,2026-09-23 01:11:27,2026-09-23 01:12:27
154.124.112.202,2,2026-09-19 22:43:19,2026-09-19 22:44:19
154.124.33.26,2,2026-09-23 01:09:22,2026-09-23 01:10:22
154.232.19.135,2,2026-09-21 23:11:34,2026-09-21 23:12:34
154.248.112.208,2,2026-09-23 18:12:01,2026-09-23 20:21:00
154.255.0.137,2,2026-09-25 00:24:15,2026-09-25 00:25:15
154.59.206.198,2,2026-09-17 01:06:40,2026-09-17 01:07:49
154.64.51.210,2,2026-09-21 21:28:50,2026-09-21 21:29:51
154.71.187.185,2,2026-09-21 23:11:35,2026-09-21 23:12:36
154.74.190.120,2,2026-09-25 00:24:15,2026-09-25 00:25:16
154.74.195.23,2,2026-09-17 01:06:41,2026-09-17 01:07:49
154.84.165.233,2,2026-09-23 02:14:31,2026-09-23 02:14:32
156.247.250.185,2,2026-09-21 22:08:43,2026-09-21 22:09:43
156.255.228.132,2,2026-09-21 21:28:50,2026-09-21 21:29:50
156.38.43.130,2,2026-09-23 01:53:56,2026-09-23 01:54:57
157.100.127.119,2,2026-09-23 19:21:05,2026-09-23 20:21:02
157.100.189.234,2,2026-09-17 01:06:37,2026-09-17 01:07:38
157.100.88.3,2,2026-09-19 22:43:17,2026-09-19 22:44:18
157.119.105.225,2,2026-09-21 23:11:35,2026-09-21 23:12:36
157.119.83.119,2,2026-09-22 13:18:41,2026-09-22 13:19:43
157.15.35.255,2,2026-09-21 23:11:34,2026-09-21 23:12:34
157.15.93.107,2,2026-09-21 22:08:43,2026-09-21 22:09:44
157.20.117.206,2,2026-09-22 13:18:40,2026-09-22 13:19:42
157.48.17.147,2,2026-09-19 22:43:26,2026-09-19 22:44:28
157.48.222.56,2,2026-09-22 13:18:39,2026-09-22 13:19:40
157.49.114.248,2,2026-09-17 01:06:41,2026-09-17 01:07:45
157.49.71.164,2,2026-09-17 01:06:38,2026-09-17 01:07:42
157.50.107.244,2,2026-09-22 13:18:41,2026-09-22 13:19:43
157.51.55.202,2,2026-09-21 22:08:50,2026-09-21 22:09:55
158.140.173.12,2,2026-09-22 13:18:39,2026-09-22 13:19:40
158.181.0.189,2,2026-09-21 22:08:43,2026-09-21 22:09:46
158.181.40.149,2,2026-09-17 01:06:31,2026-09-17 01:07:31
158.181.41.67,2,2026-09-19 22:43:16,2026-09-19 22:44:17
159.224.180.88,2,2026-09-17 01:06:31,2026-09-17 01:07:31
160.113.23.58,2,2026-09-17 01:06:39,2026-09-17 01:07:46
160.177.47.139,2,2026-09-21 22:25:41,2026-09-21 22:25:42
160.178.15.57,2,2026-09-21 23:11:34,2026-09-21 23:12:34
160.187.108.208,2,2026-09-22 16:26:25,2026-09-22 16:27:26
160.187.221.38,2,2026-09-19 22:43:17,2026-09-19 22:44:18
160.19.226.171,2,2026-09-22 13:18:39,2026-09-22 13:18:40
160.238.147.191,2,2026-09-22 21:31:37,2026-09-22 21:31:38
161.18.122.156,2,2026-09-23 00:36:57,2026-09-23 00:36:58
162.194.208.126,2,2026-09-22 17:28:17,2026-09-22 17:28:18
163.227.68.57,2,2026-09-22 17:28:18,2026-09-22 17:28:19
163.53.179.38,2,2026-09-25 00:24:14,2026-09-25 00:25:14
163.61.153.34,2,2026-09-22 16:26:26,2026-09-22 16:27:27
164.160.119.179,2,2026-09-23 01:57:18,2026-09-23 01:58:17
164.163.145.47,2,2026-09-19 22:43:18,2026-09-19 22:44:18
164.163.19.72,2,2026-09-21 22:08:43,2026-09-21 22:09:43
165.101.132.97,2,2026-09-23 02:14:31,2026-09-23 02:14:32
165.16.166.93,2,2026-09-23 02:15:35,2026-09-23 02:16:36
165.16.170.107,2,2026-09-19 22:43:18,2026-09-19 22:44:19
165.16.185.136,2,2026-09-23 01:55:04,2026-09-23 01:56:04
165.16.30.92,2,2026-09-19 22:43:28,2026-09-19 22:44:41
165.16.33.198,2,2026-09-24 15:22:03,2026-09-24 15:23:14
165.165.110.212,2,2026-09-25 00:24:15,2026-09-25 00:25:16
165.165.118.11,2,2026-09-19 22:43:18,2026-09-19 22:44:19
165.165.118.192,2,2026-09-17 01:06:32,2026-09-17 01:07:33
165.165.122.14,2,2026-09-22 13:18:40,2026-09-22 13:19:41
165.165.94.156,2,2026-09-17 01:06:42,2026-09-17 01:07:44
165.210.38.225,2,2026-09-23 01:59:41,2026-09-23 02:00:43
165.73.162.38,2,2026-09-19 22:43:20,2026-09-19 22:44:25
165.73.163.139,2,2026-09-23 00:27:02,2026-09-23 00:27:03
166.114.164.122,2,2026-09-21 23:11:34,2026-09-21 23:12:34
166.114.173.150,2,2026-09-23 21:45:50,2026-09-24 13:07:20
166.48.149.89,2,2026-09-21 22:08:43,2026-09-21 22:09:43
167.249.146.143,2,2026-09-23 01:57:18,2026-09-23 01:58:17
167.249.242.49,2,2026-09-21 22:25:41,2026-09-21 22:25:42
167.250.127.185,2,2026-09-25 00:24:15,2026-09-25 00:25:15
167.56.209.93,2,2026-09-22 10:57:54,2026-09-22 10:57:55
168.0.112.197,2,2026-09-17 01:07:14,2026-09-17 01:08:14
168.0.117.3,2,2026-09-23 01:35:56,2026-09-23 01:35:57
168.0.23.197,2,2026-09-23 01:27:31,2026-09-23 01:27:32
168.0.60.46,2,2026-09-21 22:25:41,2026-09-21 22:25:42
168.121.100.168,2,2026-09-22 10:57:53,2026-09-22 10:57:54
168.181.213.202,2,2026-09-22 13:18:39,2026-09-22 13:19:40
168.194.116.32,2,2026-09-23 02:14:31,2026-09-23 02:14:32
168.194.58.195,2,2026-09-21 23:11:34,2026-09-21 23:12:34
168.196.162.87,2,2026-09-17 01:06:37,2026-09-17 01:07:37
168.196.224.145,2,2026-09-25 00:24:15,2026-09-25 00:25:15
168.196.40.50,2,2026-09-25 00:24:15,2026-09-25 00:25:19
168.196.97.241,2,2026-09-19 22:43:17,2026-09-19 22:44:18
168.197.245.31,2,2026-09-17 01:06:31,2026-09-17 01:07:32
168.205.103.40,2,2026-09-21 23:11:34,2026-09-21 23:12:34
168.205.109.182,2,2026-09-19 22:43:17,2026-09-19 22:44:21
168.205.152.42,2,2026-09-19 22:43:17,2026-09-19 22:44:17
168.205.85.200,2,2026-09-25 00:24:17,2026-09-25 00:25:20
168.210.70.125,2,2026-09-19 22:43:17,2026-09-19 22:44:18
168.227.167.26,2,2026-09-22 10:57:53,2026-09-22 10:57:54
168.232.130.3,2,2026-09-23 00:36:57,2026-09-23 00:36:58
168.90.189.240,2,2026-09-21 22:25:41,2026-09-21 22:25:42
169.148.127.95,2,2026-09-21 22:08:43,2026-09-21 22:09:43
169.224.1.84,2,2026-09-24 15:21:56,2026-09-24 15:22:56
169.224.13.92,2,2026-09-23 00:27:01,2026-09-23 00:27:02
169.224.14.139,2,2026-09-25 00:24:14,2026-09-25 00:25:15
169.224.21.45,2,2026-09-23 02:14:31,2026-09-23 02:14:32
169.224.22.93,2,2026-09-23 01:53:55,2026-09-23 01:53:56
169.224.25.158,2,2026-09-23 01:45:12,2026-09-23 01:45:13
169.224.3.184,2,2026-09-21 22:25:41,2026-09-21 22:25:42
169.224.30.129,2,2026-09-17 01:06:36,2026-09-17 01:07:36
169.224.33.104,2,2026-09-17 01:06:40,2026-09-17 01:07:51
169.224.33.110,2,2026-09-19 22:43:17,2026-09-19 22:44:17
169.224.61.194,2,2026-09-21 23:11:35,2026-09-21 23:12:35
169.224.67.44,2,2026-09-19 22:43:20,2026-09-19 22:44:23
169.224.8.27,2,2026-09-23 01:09:22,2026-09-23 01:10:22
170.150.243.100,2,2026-09-19 22:43:17,2026-09-19 22:44:17
170.150.75.115,2,2026-09-22 16:26:27,2026-09-22 16:27:28
170.231.180.125,2,2026-09-22 16:26:26,2026-09-22 16:27:27
170.233.120.80,2,2026-09-25 00:24:19,2026-09-25 00:25:30
170.233.208.233,2,2026-09-23 02:14:31,2026-09-23 02:14:32
170.238.191.88,2,2026-09-17 01:06:47,2026-09-17 01:07:47
170.238.214.212,2,2026-09-19 22:43:18,2026-09-19 22:44:18
170.238.80.24,2,2026-09-22 13:18:39,2026-09-22 13:19:41
170.239.143.19,2,2026-09-21 22:25:41,2026-09-21 22:25:42
170.244.252.171,2,2026-09-24 15:21:57,2026-09-24 15:22:58
170.245.10.153,2,2026-09-21 22:25:41,2026-09-21 22:25:42
170.246.208.173,2,2026-09-22 22:56:05,2026-09-23 19:21:04
170.246.209.159,2,2026-09-22 16:26:26,2026-09-22 16:27:27
170.246.209.243,2,2026-09-24 15:21:56,2026-09-24 15:22:56
170.247.100.223,2,2026-09-24 15:21:56,2026-09-24 15:22:56
170.247.192.14,2,2026-09-24 15:21:56,2026-09-24 15:22:56
170.254.126.202,2,2026-09-25 00:24:16,2026-09-25 00:25:16
170.254.250.52,2,2026-09-21 22:08:44,2026-09-21 22:09:45
170.39.252.174,2,2026-09-23 01:27:31,2026-09-23 01:27:32
170.78.118.49,2,2026-09-25 00:24:15,2026-09-25 00:25:15
170.78.119.73,2,2026-09-23 01:57:18,2026-09-23 01:58:17
170.78.20.194,2,2026-09-25 00:24:15,2026-09-25 00:25:15
170.79.163.130,2,2026-09-25 00:24:15,2026-09-25 00:25:15
170.79.177.162,2,2026-09-24 15:21:56,2026-09-24 15:22:56
170.79.201.175,2,2026-09-17 01:06:30,2026-09-17 01:07:31
170.79.81.201,2,2026-09-23 00:27:01,2026-09-23 00:27:02
170.80.195.192,2,2026-09-25 00:24:15,2026-09-25 00:25:18
170.80.81.124,2,2026-09-22 13:56:44,2026-09-23 21:20:31
170.81.166.112,2,2026-09-22 23:16:19,2026-09-22 23:16:20
170.82.151.219,2,2026-09-24 15:21:59,2026-09-24 15:23:02
170.82.151.97,2,2026-09-22 13:18:39,2026-09-22 13:19:40
170.82.90.199,2,2026-09-21 22:08:43,2026-09-21 22:09:44
170.83.212.199,2,2026-09-22 16:26:25,2026-09-22 16:27:26
170.83.36.21,2,2026-09-23 01:57:18,2026-09-23 19:21:04
170.84.78.195,2,2026-09-21 23:11:34,2026-09-21 23:12:34
171.225.193.72,2,2026-09-21 23:11:34,2026-09-21 23:12:34
171.225.198.82,2,2026-09-22 10:57:53,2026-09-22 10:57:54
171.227.45.227,2,2026-09-21 21:28:50,2026-09-21 21:29:50
171.232.76.132,2,2026-09-25 00:27:04,2026-09-25 00:29:10
171.243.63.189,2,2026-09-17 00:23:24,2026-09-23 01:28:32
171.251.234.33,2,2026-09-23 01:45:12,2026-09-23 01:45:13
171.61.167.90,2,2026-09-21 23:11:35,2026-09-21 23:12:36
171.61.173.192,2,2026-09-22 13:18:39,2026-09-22 13:19:40
171.79.32.104,2,2026-09-19 22:43:18,2026-09-19 22:44:20
172.59.18.144,2,2026-09-17 01:06:34,2026-09-17 01:07:42
173.238.169.247,2,2026-09-17 01:06:36,2026-09-17 01:07:38
173.41.244.131,2,2026-09-24 15:21:56,2026-09-24 15:22:56
173.50.79.142,2,2026-09-22 19:33:50,2026-09-22 19:33:51
174.110.80.78,2,2026-09-19 22:43:18,2026-09-19 22:44:19
174.30.216.73,2,2026-09-25 00:24:14,2026-09-25 00:25:15
175.100.52.22,2,2026-09-21 23:11:34,2026-09-21 23:12:34
175.107.247.53,2,2026-09-21 23:11:34,2026-09-21 23:12:36
175.141.176.51,2,2026-09-17 01:06:45,2026-09-17 01:07:45
175.145.39.120,2,2026-09-22 23:16:19,2026-09-22 23:16:20
175.145.39.51,2,2026-09-19 22:43:18,2026-09-19 22:44:19
176.101.194.116,2,2026-09-17 01:06:30,2026-09-17 01:07:31
176.101.234.254,2,2026-09-17 01:06:30,2026-09-17 01:07:31
176.105.222.181,2,2026-09-17 01:06:21,2026-09-17 01:06:21
176.105.222.29,2,2026-09-17 01:07:05,2026-09-17 01:08:12
176.115.141.35,2,2026-09-22 13:18:39,2026-09-22 13:19:40
176.120.100.76,2,2026-09-22 21:31:37,2026-09-22 21:31:38
176.124.236.57,2,2026-09-19 22:43:22,2026-09-19 22:44:29
176.131.123.99,2,2026-09-23 01:27:31,2026-09-23 01:27:32
176.133.23.161,2,2026-09-25 00:24:14,2026-09-25 00:25:15
176.171.239.162,2,2026-09-22 16:26:25,2026-09-22 16:27:26
176.187.0.150,2,2026-09-21 23:11:36,2026-09-21 23:12:37
176.222.167.56,2,2026-09-21 21:28:50,2026-09-21 21:29:50
176.29.15.239,2,2026-09-17 01:06:39,2026-09-17 01:07:40
176.64.87.224,2,2026-09-17 01:06:36,2026-09-17 01:07:36
176.67.8.82,2,2026-09-21 22:08:43,2026-09-21 22:09:44
176.98.31.17,2,2026-09-21 22:08:43,2026-09-21 22:09:44
177.10.213.176,2,2026-09-21 21:28:50,2026-09-21 21:29:51
177.100.236.185,2,2026-09-24 14:53:31,2026-09-25 01:22:36
177.104.0.102,2,2026-09-22 21:31:37,2026-09-22 21:31:38
177.12.8.149,2,2026-09-22 10:57:53,2026-09-22 10:57:54
177.124.78.155,2,2026-09-25 00:24:15,2026-09-25 00:25:15
177.125.147.229,2,2026-09-25 00:24:15,2026-09-25 00:25:15
177.128.177.206,2,2026-09-23 19:21:04,2026-09-23 21:20:32
177.128.68.203,2,2026-09-23 20:21:01,2026-09-24 17:57:46
177.130.224.235,2,2026-09-22 19:33:50,2026-09-22 19:33:51
177.131.64.214,2,2026-09-17 01:06:36,2026-09-17 01:07:37
177.131.69.226,2,2026-09-21 22:25:41,2026-09-21 22:25:42
177.131.74.222,2,2026-09-25 00:24:15,2026-09-25 00:25:16
177.136.41.100,2,2026-09-22 16:26:25,2026-09-22 16:27:25
177.137.144.10,2,2026-09-17 01:06:31,2026-09-17 01:07:33
177.137.146.229,2,2026-09-21 22:08:45,2026-09-21 22:09:45
177.139.16.226,2,2026-09-19 22:43:18,2026-09-19 22:44:18
177.140.12.220,2,2026-09-25 00:24:15,2026-09-25 00:25:15
177.140.14.101,2,2026-09-22 13:56:45,2026-09-23 19:21:04
177.144.86.30,2,2026-09-22 10:57:53,2026-09-22 10:57:54
177.170.183.204,2,2026-09-23 01:53:55,2026-09-23 01:53:56
177.171.97.8,2,2026-09-22 16:26:25,2026-09-22 16:27:25
177.181.1.83,2,2026-09-23 01:57:18,2026-09-23 01:58:17
177.181.4.114,2,2026-09-21 21:28:50,2026-09-21 21:29:51
177.181.4.134,2,2026-09-17 01:06:36,2026-09-17 01:07:37
177.182.222.231,2,2026-09-19 11:37:53,2026-09-22 18:22:22
177.184.217.0,2,2026-09-22 21:31:37,2026-09-22 21:31:38
177.184.217.215,2,2026-09-21 22:25:42,2026-09-21 22:25:43
177.184.74.84,2,2026-09-22 16:26:25,2026-09-22 16:27:25
177.184.78.121,2,2026-09-23 00:36:57,2026-09-23 00:36:58
177.185.41.130,2,2026-09-24 15:21:56,2026-09-24 15:22:56
177.190.191.89,2,2026-09-17 01:06:30,2026-09-17 01:07:31
177.190.216.127,2,2026-09-23 01:57:18,2026-09-23 01:58:17
177.191.119.65,2,2026-09-22 13:18:39,2026-09-22 13:19:40
177.191.132.93,2,2026-09-21 22:08:43,2026-09-21 22:09:43
177.192.21.64,2,2026-09-19 22:43:17,2026-09-19 22:44:17
177.197.80.168,2,2026-09-21 22:25:42,2026-09-21 22:25:43
177.2.171.189,2,2026-09-25 00:24:15,2026-09-25 00:25:15
177.200.141.114,2,2026-09-22 16:26:26,2026-09-22 16:27:28
177.203.36.12,2,2026-09-22 13:18:39,2026-09-22 13:19:40
177.212.132.187,2,2026-09-21 22:25:41,2026-09-21 22:25:42
177.212.198.53,2,2026-09-24 15:21:56,2026-09-24 15:22:56
177.212.2.148,2,2026-09-23 01:45:12,2026-09-23 01:45:13
177.22.168.78,2,2026-09-25 00:24:14,2026-09-25 00:25:15
177.221.231.192,2,2026-09-23 00:27:01,2026-09-23 00:27:02
177.225.74.226,2,2026-09-23 00:27:01,2026-09-23 00:27:02
177.226.147.193,2,2026-09-22 13:18:41,2026-09-22 13:19:41
177.226.175.123,2,2026-09-17 01:07:05,2026-09-17 01:08:05
177.227.50.237,2,2026-09-23 01:57:18,2026-09-23 01:58:17
177.23.48.157,2,2026-09-19 22:43:18,2026-09-19 22:44:21
177.241.163.187,2,2026-09-17 01:06:31,2026-09-17 01:07:32
177.245.228.115,2,2026-09-21 23:11:34,2026-09-21 23:12:34
177.245.233.134,2,2026-09-23 02:14:31,2026-09-23 02:14:32
177.245.252.54,2,2026-09-23 01:57:18,2026-09-23 01:58:17
177.36.177.62,2,2026-09-21 22:25:41,2026-09-21 22:25:42
177.37.148.164,2,2026-09-25 00:24:18,2026-09-25 00:25:19
177.4.187.206,2,2026-09-19 22:43:18,2026-09-19 22:44:19
177.47.86.230,2,2026-09-22 21:31:37,2026-09-22 21:31:38
177.52.82.174,2,2026-09-25 00:24:15,2026-09-25 00:25:16
177.55.143.43,2,2026-09-24 15:21:56,2026-09-24 15:22:56
177.55.224.149,2,2026-09-17 01:06:36,2026-09-17 01:07:37
177.55.224.212,2,2026-09-21 22:25:41,2026-09-21 22:25:42
177.55.224.55,2,2026-09-23 18:12:01,2026-09-23 21:20:31
177.55.231.67,2,2026-09-21 20:49:19,2026-09-22 23:58:17
177.60.59.13,2,2026-09-22 18:22:24,2026-09-23 20:21:01
177.62.52.140,2,2026-09-24 15:21:56,2026-09-24 15:22:56
177.62.88.129,2,2026-09-19 02:39:29,2026-09-19 02:40:29
177.66.253.100,2,2026-09-23 00:27:02,2026-09-24 16:16:54
177.70.202.135,2,2026-09-22 16:26:26,2026-09-22 16:27:27
177.71.43.71,2,2026-09-17 01:06:35,2026-09-17 01:07:36
177.71.66.104,2,2026-09-25 00:24:15,2026-09-25 00:25:15
177.72.224.103,2,2026-09-25 00:24:15,2026-09-25 00:25:15
177.72.228.251,2,2026-09-19 22:43:19,2026-09-19 22:44:21
177.72.24.111,2,2026-09-25 00:24:21,2026-09-25 00:25:29
177.73.204.20,2,2026-09-22 23:58:15,2026-09-23 01:35:58
177.74.104.199,2,2026-09-19 22:43:17,2026-09-19 22:44:19
177.75.16.246,2,2026-09-25 00:24:15,2026-09-25 00:25:16
177.75.39.241,2,2026-09-23 01:57:18,2026-09-23 01:58:17
177.76.184.53,2,2026-09-21 20:49:16,2026-09-24 17:57:46
177.76.5.206,2,2026-09-21 22:08:43,2026-09-21 22:09:43
177.80.84.137,2,2026-09-25 00:24:15,2026-09-25 00:25:15
177.86.100.120,2,2026-09-25 00:24:15,2026-09-25 00:25:15
177.86.100.77,2,2026-09-22 10:57:53,2026-09-22 10:57:54
177.87.5.85,2,2026-09-17 01:06:31,2026-09-17 01:07:31
177.92.129.219,2,2026-09-22 10:57:53,2026-09-22 10:57:54
177.92.50.64,2,2026-09-23 00:36:57,2026-09-23 00:36:58
177.93.45.197,2,2026-09-22 16:26:26,2026-09-22 16:27:28
178.129.253.47,2,2026-09-17 01:06:36,2026-09-17 01:07:36
178.133.161.255,2,2026-09-19 22:43:18,2026-09-19 22:44:20
178.152.93.109,2,2026-09-19 22:43:16,2026-09-19 22:44:17
178.158.210.191,2,2026-09-22 16:26:26,2026-09-22 16:27:30
178.167.8.0,2,2026-09-17 01:06:32,2026-09-17 01:07:35
178.175.84.250,2,2026-09-21 22:08:43,2026-09-21 22:09:44
178.213.206.77,2,2026-09-17 01:06:36,2026-09-17 01:07:36
178.34.136.170,2,2026-09-19 22:43:21,2026-09-19 22:44:21
178.52.127.38,2,2026-09-23 01:09:23,2026-09-23 01:10:23
178.54.146.45,2,2026-09-17 01:06:30,2026-09-17 01:07:31
178.65.197.5,2,2026-09-17 01:06:36,2026-09-17 01:07:36
178.91.162.220,2,2026-09-21 22:08:43,2026-09-21 22:09:43
178.91.9.70,2,2026-09-23 01:45:12,2026-09-23 01:45:13
179.0.74.139,2,2026-09-23 02:16:39,2026-09-23 21:45:50
179.1.238.66,2,2026-09-23 02:14:31,2026-09-23 02:14:32
179.105.227.100,2,2026-09-21 22:25:41,2026-09-21 22:25:42
179.106.73.232,2,2026-09-22 10:57:53,2026-09-22 10:57:54
179.108.61.149,2,2026-09-22 16:26:26,2026-09-22 16:27:26
179.110.243.187,2,2026-09-23 02:15:36,2026-09-23 20:21:02
179.118.141.160,2,2026-09-24 15:22:00,2026-09-24 15:23:01
179.125.137.200,2,2026-09-24 15:22:00,2026-09-24 15:23:01
179.125.245.5,2,2026-09-22 17:28:17,2026-09-22 17:28:18
179.127.65.102,2,2026-09-22 13:18:39,2026-09-22 13:19:40
179.137.162.16,2,2026-09-23 01:57:18,2026-09-23 01:58:17
179.167.24.198,2,2026-09-22 16:26:26,2026-09-22 16:27:26
179.181.228.12,2,2026-09-25 00:24:16,2026-09-25 00:25:17
179.191.197.67,2,2026-09-23 01:57:18,2026-09-23 01:58:17
179.216.23.219,2,2026-09-23 01:57:18,2026-09-23 01:58:17
179.216.82.99,2,2026-09-23 01:58:22,2026-09-23 20:21:01
179.218.98.14,2,2026-09-23 01:57:18,2026-09-23 01:58:17
179.219.10.201,2,2026-09-23 01:53:55,2026-09-23 01:53:56
179.222.190.99,2,2026-09-19 22:43:17,2026-09-19 22:44:18
179.222.191.144,2,2026-09-25 00:24:15,2026-09-25 00:25:15
179.228.76.197,2,2026-09-23 01:57:18,2026-09-23 01:58:17
179.235.23.97,2,2026-09-23 01:35:56,2026-09-23 01:35:57
179.235.5.22,2,2026-09-22 16:26:26,2026-09-22 16:27:26
179.238.21.8,2,2026-09-22 16:26:26,2026-09-22 16:27:26
179.24.253.205,2,2026-09-21 22:25:41,2026-09-21 22:25:42
179.245.175.252,2,2026-09-19 22:43:17,2026-09-19 22:44:17
179.255.252.11,2,2026-09-19 22:43:18,2026-09-19 22:44:19
179.42.118.24,2,2026-09-22 16:26:26,2026-09-22 16:27:26
179.42.142.245,2,2026-09-22 13:18:39,2026-09-22 13:19:40
179.43.100.210,2,2026-09-22 10:57:53,2026-09-22 10:57:54
179.43.19.251,2,2026-09-22 16:26:26,2026-09-22 16:27:26
179.48.171.221,2,2026-09-23 00:27:01,2026-09-23 00:27:02
179.49.98.117,2,2026-09-22 10:57:53,2026-09-22 10:57:55
179.60.69.8,2,2026-09-21 22:08:44,2026-09-21 22:09:44
179.60.75.14,2,2026-09-17 01:06:31,2026-09-17 01:07:31
179.60.82.11,2,2026-09-21 22:08:43,2026-09-21 22:09:43
179.60.92.22,2,2026-09-22 16:26:25,2026-09-22 16:27:26
179.60.92.39,2,2026-09-19 22:43:17,2026-09-19 22:44:17
179.60.94.32,2,2026-09-21 22:08:43,2026-09-21 22:09:43
179.63.113.196,2,2026-09-21 22:25:41,2026-09-21 22:25:42
179.63.191.163,2,2026-09-19 02:30:43,2026-09-19 02:31:43
179.63.191.17,2,2026-09-25 00:24:15,2026-09-25 00:25:16
179.8.155.4,2,2026-09-24 15:22:12,2026-09-24 15:23:14
179.82.79.98,2,2026-09-25 00:24:15,2026-09-25 00:25:15
179.9.217.52,2,2026-09-23 18:12:01,2026-09-24 17:57:46
179.94.130.50,2,2026-09-22 16:26:25,2026-09-22 16:27:25
179.95.99.97,2,2026-09-24 15:21:56,2026-09-24 15:22:56
179.98.98.164,2,2026-09-23 01:57:18,2026-09-23 01:58:17
180.190.126.142,2,2026-09-22 17:28:17,2026-09-22 17:28:18
180.195.192.194,2,2026-09-21 23:11:34,2026-09-21 23:12:34
180.210.166.115,2,2026-09-21 23:11:35,2026-09-21 23:12:35
180.244.21.216,2,2026-09-22 13:18:46,2026-09-22 13:19:47
180.252.252.52,2,2026-09-22 13:18:39,2026-09-22 13:18:40
180.254.65.130,2,2026-09-19 22:43:19,2026-09-19 22:44:21
180.75.242.19,2,2026-09-22 13:18:39,2026-09-22 13:19:40
180.75.252.103,2,2026-09-17 01:06:31,2026-09-17 01:07:31
181.110.22.81,2,2026-09-21 22:25:41,2026-09-21 22:25:42
181.123.114.106,2,2026-09-17 01:06:38,2026-09-17 01:07:47
181.124.133.44,2,2026-09-19 22:43:20,2026-09-19 22:44:27
181.124.219.243,2,2026-09-22 13:18:40,2026-09-22 13:19:41
181.141.24.4,2,2026-09-23 01:57:18,2026-09-23 01:58:17
181.160.150.218,2,2026-09-23 01:53:55,2026-09-23 01:53:56
181.172.144.113,2,2026-09-21 22:08:43,2026-09-21 22:09:43
181.174.231.34,2,2026-09-19 02:30:43,2026-09-19 02:31:43
181.175.155.27,2,2026-09-21 22:08:44,2026-09-21 22:09:45
181.192.113.81,2,2026-09-23 01:45:12,2026-09-23 01:45:13
181.199.255.33,2,2026-09-17 01:06:47,2026-09-17 01:07:54
181.20.10.29,2,2026-09-21 22:08:44,2026-09-21 22:09:44
181.20.105.25,2,2026-09-19 22:43:18,2026-09-19 22:44:19
181.209.101.14,2,2026-09-22 16:26:41,2026-09-22 16:27:42
181.216.62.0,2,2026-09-19 02:30:45,2026-09-19 02:31:46
181.224.218.69,2,2026-09-23 01:45:12,2026-09-23 01:45:13
181.224.87.171,2,2026-09-23 01:27:31,2026-09-23 01:27:32
181.232.181.66,2,2026-09-23 01:55:05,2026-09-23 01:56:05
181.232.240.63,2,2026-09-21 22:25:41,2026-09-21 22:25:42
181.234.213.192,2,2026-09-19 22:43:16,2026-09-19 22:44:17
181.26.197.247,2,2026-09-21 22:08:44,2026-09-21 22:09:44
181.32.203.57,2,2026-09-17 01:06:37,2026-09-17 01:07:40
181.52.141.32,2,2026-09-21 22:08:44,2026-09-21 22:09:44
181.55.68.121,2,2026-09-17 01:06:31,2026-09-17 01:07:31
181.62.52.228,2,2026-09-21 22:08:43,2026-09-21 22:09:44
181.63.26.159,2,2026-09-22 13:56:46,2026-09-23 00:55:48
181.63.26.205,2,2026-09-25 00:24:15,2026-09-25 00:25:16
182.252.75.85,2,2026-09-22 16:26:26,2026-09-22 16:27:26
182.252.94.188,2,2026-09-21 22:08:43,2026-09-21 22:09:44
182.52.136.61,2,2026-09-21 22:08:43,2026-09-21 22:09:44
182.9.195.193,2,2026-09-22 13:18:42,2026-09-22 13:19:44
183.182.115.17,2,2026-09-19 22:43:18,2026-09-19 22:44:18
184.22.168.167,2,2026-09-21 22:08:43,2026-09-21 22:09:43
184.22.171.186,2,2026-09-22 10:57:53,2026-09-22 10:57:54
185.122.55.217,2,2026-09-17 01:06:30,2026-09-17 01:07:31
185.135.51.193,2,2026-09-19 22:43:30,2026-09-19 22:44:43
185.136.148.122,2,2026-09-23 01:45:12,2026-09-23 01:45:13
185.138.230.47,2,2026-09-19 22:43:18,2026-09-19 22:44:18
185.139.138.7,2,2026-09-19 22:43:51,2026-09-19 22:45:14
185.14.102.76,2,2026-09-22 13:18:41,2026-09-22 13:19:54
185.159.162.90,2,2026-09-17 01:06:36,2026-09-17 01:07:36
185.161.49.247,2,2026-09-21 23:11:34,2026-09-21 23:12:34
185.181.16.163,2,2026-09-17 01:06:31,2026-09-17 01:07:35
185.194.8.27,2,2026-09-17 01:06:34,2026-09-17 01:08:19
185.203.52.36,2,2026-09-17 01:06:31,2026-09-17 01:07:32
185.203.52.44,2,2026-09-21 22:08:43,2026-09-21 22:09:43
185.206.124.46,2,2026-09-21 22:08:43,2026-09-21 22:09:43
185.206.126.7,2,2026-09-21 22:08:44,2026-09-21 22:09:44
185.214.65.64,2,2026-09-21 22:08:52,2026-09-21 22:10:01
185.218.108.41,2,2026-09-21 23:11:34,2026-09-21 23:12:34
185.225.40.48,2,2026-09-22 13:18:43,2026-09-22 13:19:45
185.228.133.113,2,2026-09-17 01:06:31,2026-09-17 01:07:32
185.232.15.53,2,2026-09-21 22:08:43,2026-09-21 22:09:43
185.239.179.161,2,2026-09-23 01:57:18,2026-09-23 01:58:17
185.35.11.217,2,2026-09-22 13:18:42,2026-09-22 13:19:44
185.35.8.41,2,2026-09-17 01:06:31,2026-09-17 01:07:32
185.35.8.71,2,2026-09-17 01:06:36,2026-09-17 01:07:41
185.44.10.207,2,2026-09-22 17:28:17,2026-09-22 17:28:18
185.57.230.3,2,2026-09-21 22:08:45,2026-09-21 22:09:48
185.58.15.49,2,2026-09-19 22:43:18,2026-09-19 22:44:34
185.58.15.61,2,2026-09-22 13:18:39,2026-09-22 13:19:40
185.69.134.85,2,2026-09-17 01:06:32,2026-09-17 01:07:35
185.71.90.84,2,2026-09-23 00:27:01,2026-09-23 00:27:02
185.81.83.202,2,2026-09-17 01:06:36,2026-09-17 01:07:37
185.92.139.197,2,2026-09-23 01:27:31,2026-09-23 01:27:32
185.95.186.122,2,2026-09-21 22:08:43,2026-09-21 22:09:43
186.113.246.34,2,2026-09-21 23:12:14,2026-09-21 23:13:17
186.114.235.203,2,2026-09-23 01:57:19,2026-09-23 01:57:41
186.119.118.45,2,2026-09-21 21:28:52,2026-09-21 21:29:53
186.131.170.248,2,2026-09-21 23:11:34,2026-09-21 23:12:34
186.148.163.21,2,2026-09-17 01:06:39,2026-09-17 01:07:41
186.167.121.20,2,2026-09-22 17:28:17,2026-09-22 17:28:18
186.170.208.89,2,2026-09-23 00:27:02,2026-09-23 21:45:50
186.189.98.26,2,2026-09-17 01:06:39,2026-09-17 01:07:39
186.192.249.70,2,2026-09-22 19:33:50,2026-09-22 19:33:51
186.194.22.184,2,2026-09-25 00:24:15,2026-09-25 00:25:18
186.194.97.6,2,2026-09-17 01:06:32,2026-09-17 01:07:34
186.195.212.127,2,2026-09-22 16:26:26,2026-09-22 16:27:26
186.195.6.245,2,2026-09-23 01:53:55,2026-09-23 01:53:56
186.196.70.93,2,2026-09-23 01:55:04,2026-09-23 01:56:04
186.205.153.110,2,2026-09-23 01:57:18,2026-09-23 01:58:17
186.207.174.106,2,2026-09-19 22:43:18,2026-09-19 22:44:18
186.208.222.116,2,2026-09-22 16:26:26,2026-09-22 16:27:26
186.208.73.197,2,2026-09-23 01:53:56,2026-09-23 02:15:38
186.208.74.253,2,2026-09-21 22:25:41,2026-09-21 22:25:42
186.210.114.247,2,2026-09-17 01:06:23,2026-09-17 01:06:23
186.211.101.111,2,2026-09-25 00:24:15,2026-09-25 00:25:15
186.219.139.90,2,2026-09-22 13:56:48,2026-09-24 14:53:32
186.225.180.164,2,2026-09-17 01:06:21,2026-09-17 01:06:21
186.225.227.94,2,2026-09-17 01:06:36,2026-09-17 01:07:37
186.226.182.241,2,2026-09-21 22:08:43,2026-09-21 22:09:43
186.226.185.155,2,2026-09-21 23:11:34,2026-09-21 23:12:34
186.226.224.77,2,2026-09-17 01:06:31,2026-09-17 01:07:33
186.226.236.16,2,2026-09-23 01:35:56,2026-09-23 01:35:57
186.232.232.240,2,2026-09-22 16:26:25,2026-09-22 16:27:25
186.233.113.14,2,2026-09-24 15:21:56,2026-09-24 15:22:57
186.237.185.2,2,2026-09-25 00:24:15,2026-09-25 00:25:15
186.244.138.58,2,2026-09-23 00:36:57,2026-09-23 00:36:58
186.248.167.91,2,2026-09-22 10:57:53,2026-09-22 10:57:54
186.248.207.133,2,2026-09-21 23:11:35,2026-09-21 23:12:36
186.249.142.245,2,2026-09-25 00:24:15,2026-09-25 00:25:15
186.249.18.6,2,2026-09-17 01:06:21,2026-09-17 01:08:09
186.249.215.173,2,2026-09-23 00:36:57,2026-09-23 00:36:58
186.27.181.80,2,2026-09-21 22:25:43,2026-09-22 22:56:02
186.29.246.227,2,2026-09-22 23:16:19,2026-09-22 23:16:20
186.30.170.14,2,2026-09-23 01:45:12,2026-09-23 01:45:13
186.53.144.14,2,2026-09-23 01:11:26,2026-09-23 01:12:26
186.66.82.67,2,2026-09-17 01:06:55,2026-09-17 01:08:15
186.7.41.173,2,2026-09-23 01:53:56,2026-09-23 01:54:56
186.82.102.6,2,2026-09-21 22:08:46,2026-09-21 22:09:48
186.82.102.92,2,2026-09-19 22:43:17,2026-09-19 22:44:17
186.84.88.232,2,2026-09-24 15:21:56,2026-09-24 15:22:56
186.87.28.240,2,2026-09-23 01:57:18,2026-09-23 01:58:17
186.91.248.133,2,2026-09-21 23:11:40,2026-09-21 23:12:46
186.93.182.193,2,2026-09-19 22:43:20,2026-09-19 22:44:24
186.93.219.185,2,2026-09-17 01:06:37,2026-09-17 01:07:38
186.94.103.113,2,2026-09-23 01:27:31,2026-09-23 01:27:32
186.98.196.152,2,2026-09-17 01:06:31,2026-09-17 01:07:31
186.99.236.135,2,2026-09-19 22:43:18,2026-09-19 22:44:19
187.10.193.32,2,2026-09-22 16:26:31,2026-09-22 16:27:31
187.101.56.89,2,2026-09-22 16:26:26,2026-09-22 16:27:27
187.105.175.181,2,2026-09-22 10:57:53,2026-09-22 10:57:54
187.119.198.215,2,2026-09-22 16:26:25,2026-09-22 16:27:26
187.120.154.64,2,2026-09-17 01:06:36,2026-09-17 01:07:37
187.125.139.125,2,2026-09-22 13:18:40,2026-09-22 13:19:40
187.125.161.134,2,2026-09-24 15:21:56,2026-09-24 15:22:56
187.126.106.255,2,2026-09-19 02:30:43,2026-09-19 02:31:44
187.131.167.71,2,2026-09-23 02:14:31,2026-09-23 02:14:32
187.135.97.254,2,2026-09-23 01:27:31,2026-09-23 01:27:32
187.180.167.185,2,2026-09-22 13:18:39,2026-09-22 13:19:39
187.183.226.58,2,2026-09-23 01:35:56,2026-09-23 01:35:57
187.183.44.183,2,2026-09-22 21:31:37,2026-09-22 21:31:38
187.183.48.249,2,2026-09-25 00:24:16,2026-09-25 00:25:17
187.188.230.201,2,2026-09-21 21:28:50,2026-09-21 21:29:50
187.188.47.86,2,2026-09-19 22:43:17,2026-09-19 22:44:17
187.189.154.115,2,2026-09-21 22:25:41,2026-09-21 22:25:42
187.189.173.157,2,2026-09-21 22:25:41,2026-09-21 22:25:42
187.189.212.105,2,2026-09-21 22:25:41,2026-09-21 22:25:42
187.189.87.149,2,2026-09-17 01:06:31,2026-09-17 01:07:32
187.19.115.69,2,2026-09-24 00:08:44,2026-09-24 17:57:46
187.19.130.175,2,2026-09-17 01:06:36,2026-09-17 01:07:36
187.19.245.147,2,2026-09-22 16:26:26,2026-09-22 16:27:28
187.190.184.157,2,2026-09-22 16:26:26,2026-09-22 16:27:26
187.190.184.193,2,2026-09-25 00:24:14,2026-09-25 00:25:15
187.190.195.139,2,2026-09-17 01:06:31,2026-09-17 01:07:32
187.190.203.100,2,2026-09-23 01:27:31,2026-09-23 01:27:32
187.190.215.42,2,2026-09-24 15:21:57,2026-09-24 15:22:58
187.190.229.130,2,2026-09-17 01:06:38,2026-09-17 01:07:40
187.190.24.12,2,2026-09-23 02:14:31,2026-09-23 02:14:32
187.190.30.166,2,2026-09-19 22:43:18,2026-09-19 22:44:19
187.191.39.79,2,2026-09-24 15:22:16,2026-09-24 15:23:16
187.200.8.93,2,2026-09-21 22:25:41,2026-09-21 22:25:42
187.201.203.182,2,2026-09-22 13:18:40,2026-09-22 13:19:42
187.202.178.124,2,2026-09-23 02:15:35,2026-09-25 01:22:36
187.21.16.101,2,2026-09-25 00:25:23,2026-09-25 00:26:25
187.212.134.32,2,2026-09-17 01:06:31,2026-09-17 01:07:32
187.213.25.188,2,2026-09-22 10:57:53,2026-09-22 10:57:54
187.228.205.196,2,2026-09-17 01:06:31,2026-09-17 01:07:31
187.228.252.51,2,2026-09-22 13:18:39,2026-09-22 13:19:40
187.230.51.109,2,2026-09-22 13:19:03,2026-09-22 13:20:42
187.249.113.90,2,2026-09-24 15:21:56,2026-09-24 15:23:01
187.249.114.251,2,2026-09-19 22:43:18,2026-09-19 22:44:18
187.249.92.194,2,2026-09-22 13:18:41,2026-09-22 13:19:42
187.251.107.227,2,2026-09-21 22:08:43,2026-09-21 22:09:43
187.251.241.254,2,2026-09-21 23:11:34,2026-09-21 23:12:34
187.255.194.174,2,2026-09-24 15:21:57,2026-09-24 15:22:58
187.255.28.45,2,2026-09-22 16:26:25,2026-09-22 16:27:26
187.3.71.127,2,2026-09-23 01:57:19,2026-09-23 01:57:43
187.33.198.169,2,2026-09-19 22:43:17,2026-09-19 22:44:17
187.36.147.197,2,2026-09-17 01:06:37,2026-09-17 01:07:38
187.39.104.197,2,2026-09-22 16:26:26,2026-09-22 16:27:26
187.40.208.116,2,2026-09-23 01:57:19,2026-09-23 01:57:41
187.40.243.138,2,2026-09-21 23:11:38,2026-09-21 23:12:39
187.49.246.142,2,2026-09-22 16:26:25,2026-09-22 16:27:26
187.5.185.168,2,2026-09-23 01:35:57,2026-09-23 21:20:31
187.57.239.77,2,2026-09-23 01:35:57,2026-09-23 19:21:04
187.60.185.47,2,2026-09-17 01:06:31,2026-09-17 01:07:31
187.61.90.247,2,2026-09-17 01:06:31,2026-09-17 01:07:31
187.63.147.168,2,2026-09-22 16:26:27,2026-09-22 16:27:27
187.76.49.174,2,2026-09-23 01:57:18,2026-09-23 01:58:17
187.84.3.169,2,2026-09-23 01:27:31,2026-09-23 01:27:32
188.113.241.188,2,2026-09-23 01:45:12,2026-09-23 01:45:13
188.130.177.12,2,2026-09-23 00:54:47,2026-09-23 00:55:48
188.132.150.36,2,2026-09-17 01:06:30,2026-09-17 01:07:31
188.161.248.134,2,2026-09-17 01:06:36,2026-09-17 01:07:37
188.191.28.204,2,2026-09-17 01:06:31,2026-09-17 01:07:34
188.209.104.10,2,2026-09-23 01:53:55,2026-09-23 01:53:56
188.239.115.120,2,2026-09-17 01:06:36,2026-09-17 01:07:36
188.239.247.254,2,2026-09-22 10:57:53,2026-09-22 10:57:54
188.240.17.209,2,2026-09-19 22:43:17,2026-09-19 22:44:17
188.253.209.116,2,2026-09-21 22:08:43,2026-09-21 22:09:44
188.253.212.88,2,2026-09-21 22:25:41,2026-09-21 22:25:42
188.32.253.98,2,2026-09-21 22:25:41,2026-09-21 22:25:42
188.54.133.255,2,2026-09-21 23:11:34,2026-09-21 23:12:35
189.1.191.179,2,2026-09-22 13:18:39,2026-09-22 13:18:40
189.10.107.44,2,2026-09-24 15:21:56,2026-09-24 15:22:56
189.113.241.34,2,2026-09-24 15:21:57,2026-09-24 15:22:57
189.121.203.252,2,2026-09-17 01:06:31,2026-09-17 01:07:32
189.123.98.250,2,2026-09-23 02:15:35,2026-09-23 02:16:35
189.124.83.188,2,2026-09-23 01:35:56,2026-09-23 01:35:57
189.133.218.33,2,2026-09-23 01:27:31,2026-09-23 01:27:32
189.133.34.216,2,2026-09-25 00:24:16,2026-09-25 00:25:18
189.143.173.83,2,2026-09-21 23:11:35,2026-09-21 23:12:35
189.143.51.58,2,2026-09-25 00:24:15,2026-09-25 00:25:22
189.145.20.157,2,2026-09-23 01:27:31,2026-09-23 01:27:32
189.167.93.182,2,2026-09-23 01:27:31,2026-09-23 01:27:32
189.169.107.199,2,2026-09-17 01:06:42,2026-09-17 01:07:43
189.169.123.31,2,2026-09-17 01:06:31,2026-09-17 01:07:32
189.171.94.41,2,2026-09-24 15:21:57,2026-09-24 15:22:58
189.18.180.31,2,2026-09-22 16:26:48,2026-09-22 16:28:56
189.180.185.208,2,2026-09-22 13:56:47,2026-09-22 21:31:39
189.182.89.245,2,2026-09-23 01:57:18,2026-09-23 01:57:41
189.201.235.100,2,2026-09-19 11:37:53,2026-09-22 23:58:15
189.203.12.93,2,2026-09-23 01:57:18,2026-09-23 01:58:17
189.203.131.20,2,2026-09-17 01:06:36,2026-09-17 01:07:36
189.203.192.158,2,2026-09-23 00:36:57,2026-09-23 00:36:58
189.203.207.108,2,2026-09-22 10:57:53,2026-09-22 10:57:54
189.203.45.238,2,2026-09-23 01:53:55,2026-09-23 01:53:56
189.203.88.161,2,2026-09-23 00:36:58,2026-09-23 01:35:58
189.203.89.233,2,2026-09-22 16:26:26,2026-09-22 16:27:26
189.215.48.39,2,2026-09-22 13:18:44,2026-09-22 13:19:46
189.215.50.74,2,2026-09-21 23:11:34,2026-09-21 23:12:42
189.216.166.36,2,2026-09-19 22:43:19,2026-09-19 22:44:20
189.216.232.101,2,2026-09-22 10:57:53,2026-09-22 10:57:54
189.216.235.177,2,2026-09-21 23:11:34,2026-09-21 23:12:34
189.217.104.43,2,2026-09-22 13:18:42,2026-09-22 13:19:43
189.219.52.180,2,2026-09-23 01:57:18,2026-09-23 01:58:17
189.228.75.178,2,2026-09-21 23:11:34,2026-09-21 23:12:34
189.231.188.20,2,2026-09-17 01:06:31,2026-09-17 01:07:32
189.235.150.56,2,2026-09-22 13:18:39,2026-09-22 13:19:40
189.242.137.16,2,2026-09-23 01:58:22,2026-09-23 01:59:22
189.28.74.191,2,2026-09-22 16:26:28,2026-09-22 16:27:33
189.29.144.162,2,2026-09-22 13:18:39,2026-09-22 13:18:40
189.29.151.74,2,2026-09-17 01:06:20,2026-09-17 01:06:20
189.36.133.227,2,2026-09-23 01:57:21,2026-09-23 01:57:44
189.38.174.232,2,2026-09-25 00:24:15,2026-09-25 00:25:15
189.38.18.133,2,2026-09-23 18:12:01,2026-09-24 00:08:44
189.39.99.210,2,2026-09-21 22:25:41,2026-09-21 22:25:42
189.41.155.238,2,2026-09-23 01:53:55,2026-09-23 01:53:56
189.46.138.86,2,2026-09-22 16:26:26,2026-09-22 16:27:27
189.46.39.9,2,2026-09-24 15:21:56,2026-09-24 15:22:56
189.5.24.118,2,2026-09-23 01:57:18,2026-09-23 01:58:17
189.51.217.210,2,2026-09-22 13:18:43,2026-09-22 13:19:45
189.51.42.99,2,2026-09-17 01:06:36,2026-09-17 01:07:37
189.55.231.96,2,2026-09-23 01:11:27,2026-09-23 01:12:28
189.55.233.209,2,2026-09-25 00:24:15,2026-09-25 00:25:16
189.58.197.110,2,2026-09-21 22:25:41,2026-09-21 22:25:42
189.6.14.107,2,2026-09-23 01:57:18,2026-09-23 01:58:17
189.6.232.26,2,2026-09-22 16:26:25,2026-09-22 16:27:26
189.76.233.182,2,2026-09-22 18:22:24,2026-09-23 19:21:12
189.79.203.78,2,2026-09-23 01:57:18,2026-09-23 01:58:17
189.84.97.202,2,2026-09-22 16:26:26,2026-09-22 16:27:26
189.97.76.224,2,2026-09-21 22:25:41,2026-09-21 22:25:42
189.99.98.214,2,2026-09-22 16:26:31,2026-09-22 16:27:32
190.102.47.124,2,2026-09-21 22:25:43,2026-09-23 00:36:58
190.102.52.158,2,2026-09-22 16:26:25,2026-09-22 16:27:25
190.104.246.116,2,2026-09-17 01:06:32,2026-09-17 01:07:34
190.104.32.86,2,2026-09-23 00:27:01,2026-09-23 00:27:02
190.104.33.163,2,2026-09-17 01:06:35,2026-09-17 01:07:43
190.106.82.221,2,2026-09-23 01:45:12,2026-09-23 01:45:13
190.107.104.8,2,2026-09-19 22:43:34,2026-09-19 22:44:41
190.107.19.146,2,2026-09-17 01:06:52,2026-09-17 01:08:07
190.110.178.99,2,2026-09-19 22:43:17,2026-09-19 22:44:17
190.110.44.249,2,2026-09-23 18:12:00,2026-09-24 00:08:44
190.112.138.229,2,2026-09-19 22:43:17,2026-09-19 22:44:18
190.113.188.212,2,2026-09-22 13:18:40,2026-09-22 13:19:41
190.114.39.73,2,2026-09-21 22:08:43,2026-09-21 22:09:49
190.114.44.38,2,2026-09-25 00:24:16,2026-09-25 00:25:17
190.121.150.164,2,2026-09-23 01:53:56,2026-09-23 01:54:56
190.122.205.93,2,2026-09-22 16:26:25,2026-09-22 16:27:26
190.135.100.80,2,2026-09-23 01:45:12,2026-09-23 01:45:13
190.142.55.9,2,2026-09-19 02:35:29,2026-09-19 02:41:33
190.151.143.152,2,2026-09-22 23:16:19,2026-09-22 23:16:20
190.153.118.189,2,2026-09-17 01:06:32,2026-09-17 01:07:33
190.153.46.225,2,2026-09-17 01:06:38,2026-09-17 01:07:41
190.153.6.103,2,2026-09-21 23:11:34,2026-09-21 23:12:34
190.16.90.135,2,2026-09-22 10:57:53,2026-09-22 10:57:54
190.160.185.177,2,2026-09-23 00:27:01,2026-09-23 00:27:02
190.183.248.253,2,2026-09-19 22:43:17,2026-09-19 22:44:18
190.188.205.37,2,2026-09-21 21:28:50,2026-09-21 21:29:50
190.199.91.182,2,2026-09-17 01:06:32,2026-09-17 01:07:34
190.213.153.178,2,2026-09-25 00:24:15,2026-09-25 00:25:15
190.242.45.66,2,2026-09-25 00:24:16,2026-09-25 00:25:17
190.245.50.118,2,2026-09-19 22:43:17,2026-09-19 22:44:18
190.253.155.56,2,2026-09-21 22:25:41,2026-09-21 22:25:42
190.26.37.81,2,2026-09-21 22:08:43,2026-09-21 22:09:43
190.32.221.227,2,2026-09-17 01:06:36,2026-09-17 01:07:36
190.4.116.253,2,2026-09-17 01:06:31,2026-09-17 01:07:32
190.5.34.109,2,2026-09-23 01:11:26,2026-09-23 01:12:26
190.5.43.144,2,2026-09-17 01:06:36,2026-09-17 01:07:36
190.5.45.166,2,2026-09-22 19:33:50,2026-09-22 19:33:51
190.57.218.239,2,2026-09-17 01:06:37,2026-09-17 01:07:38
190.6.45.203,2,2026-09-23 01:27:31,2026-09-23 01:27:32
190.7.35.230,2,2026-09-22 17:28:17,2026-09-22 17:28:18
190.89.78.209,2,2026-09-17 01:06:19,2026-09-17 01:06:19
190.93.188.22,2,2026-09-21 23:11:34,2026-09-21 23:12:34
190.94.212.180,2,2026-09-21 22:08:43,2026-09-21 22:09:43
190.97.102.134,2,2026-09-17 01:06:31,2026-09-17 01:07:32
190.97.231.241,2,2026-09-17 01:06:39,2026-09-17 01:07:39
190.97.234.171,2,2026-09-17 01:06:20,2026-09-17 01:06:20
190.97.237.82,2,2026-09-22 16:26:31,2026-09-22 16:27:32
190.97.245.49,2,2026-09-23 01:45:12,2026-09-23 01:45:13
190.97.249.207,2,2026-09-24 15:21:59,2026-09-24 15:23:04
191.101.40.156,2,2026-09-17 01:06:31,2026-09-17 01:07:38
191.102.76.34,2,2026-09-23 01:09:22,2026-09-23 01:10:22
191.111.16.245,2,2026-09-21 22:08:43,2026-09-21 22:09:43
191.113.163.9,2,2026-09-23 01:57:18,2026-09-23 01:58:17
191.113.65.72,2,2026-09-19 22:43:17,2026-09-19 22:44:17
191.114.194.177,2,2026-09-23 01:57:18,2026-09-23 01:58:17
191.128.60.45,2,2026-09-22 10:57:53,2026-09-22 10:57:54
191.13.19.75,2,2026-09-24 15:21:56,2026-09-24 15:22:56
191.178.192.153,2,2026-09-21 22:25:42,2026-09-21 22:25:43
191.183.2.212,2,2026-09-24 15:21:57,2026-09-24 15:23:01
191.193.10.207,2,2026-09-22 16:26:25,2026-09-22 16:27:26
191.240.101.66,2,2026-09-23 01:35:57,2026-09-23 18:12:01
191.242.109.8,2,2026-09-23 01:35:56,2026-09-23 01:35:57
191.243.73.18,2,2026-09-22 17:28:18,2026-09-22 17:28:19
191.253.40.235,2,2026-09-22 16:26:25,2026-09-22 16:27:25
191.253.52.192,2,2026-09-21 22:25:41,2026-09-21 22:25:42
191.44.127.217,2,2026-09-17 01:06:53,2026-09-17 01:08:02
191.5.199.195,2,2026-09-21 22:25:41,2026-09-21 22:25:42
191.5.22.134,2,2026-09-19 22:43:17,2026-09-19 22:44:17
191.5.66.249,2,2026-09-25 00:24:15,2026-09-25 00:25:15
191.55.166.53,2,2026-09-22 16:26:26,2026-09-22 16:27:27
191.7.55.128,2,2026-09-19 22:43:17,2026-09-19 22:44:18
192.109.219.240,2,2026-09-19 22:43:21,2026-09-19 22:44:26
192.12.113.122,2,2026-09-23 01:57:18,2026-09-23 01:58:17
192.141.255.149,2,2026-09-23 02:15:36,2026-09-23 21:20:31
192.144.102.247,2,2026-09-23 00:36:58,2026-09-23 00:36:59
192.145.175.47,2,2026-09-23 01:09:22,2026-09-23 01:10:22
192.223.104.190,2,2026-09-17 01:06:45,2026-09-17 01:08:02
193.106.64.21,2,2026-09-19 22:43:17,2026-09-19 22:44:18
193.107.18.8,2,2026-09-21 22:08:43,2026-09-21 22:09:43
193.151.222.212,2,2026-09-22 10:57:53,2026-09-22 10:57:54
193.194.111.5,2,2026-09-17 01:06:36,2026-09-17 01:07:36
193.233.122.32,2,2026-09-17 01:06:37,2026-09-17 01:07:38
193.233.235.214,2,2026-09-17 01:06:30,2026-09-17 01:07:31
193.242.105.101,2,2026-09-19 22:48:34,2026-09-19 22:48:34
193.246.147.14,2,2026-09-19 22:43:17,2026-09-19 22:44:18
194.104.18.101,2,2026-09-19 22:43:17,2026-09-19 22:44:18
194.28.65.70,2,2026-09-23 02:14:31,2026-09-23 02:14:32
194.30.165.43,2,2026-09-22 16:26:26,2026-09-22 16:27:29
194.38.2.197,2,2026-09-23 00:54:48,2026-09-23 01:09:22
194.44.102.85,2,2026-09-21 22:08:43,2026-09-21 22:09:43
194.44.20.116,2,2026-09-22 19:33:50,2026-09-22 19:33:51
194.44.210.233,2,2026-09-17 01:06:48,2026-09-17 01:08:14
194.44.27.246,2,2026-09-21 23:11:34,2026-09-21 23:12:34
194.44.57.28,2,2026-09-24 15:21:56,2026-09-24 15:22:56
194.44.90.170,2,2026-09-21 21:28:50,2026-09-21 21:29:50
194.44.96.246,2,2026-09-19 22:43:18,2026-09-19 22:44:20
194.50.51.245,2,2026-09-23 01:57:19,2026-09-23 01:57:41
194.85.210.252,2,2026-09-25 00:24:14,2026-09-25 00:25:14
195.162.83.39,2,2026-09-25 00:24:18,2026-09-25 00:25:21
195.181.158.125,2,2026-09-17 01:06:30,2026-09-17 01:07:31
195.211.252.150,2,2026-09-17 01:06:36,2026-09-17 01:07:37
195.22.141.76,2,2026-09-23 01:27:31,2026-09-23 01:27:32
195.62.36.11,2,2026-09-19 22:43:21,2026-09-19 22:44:24
195.64.239.162,2,2026-09-22 21:31:37,2026-09-22 21:31:38
195.66.156.67,2,2026-09-21 21:28:50,2026-09-21 21:29:51
196.117.175.207,2,2026-09-17 01:06:33,2026-09-17 01:07:34
196.119.224.225,2,2026-09-17 01:06:39,2026-09-17 01:07:40
196.127.48.102,2,2026-09-21 21:28:51,2026-09-21 21:29:52
196.188.137.58,2,2026-09-23 01:57:18,2026-09-23 01:58:17
196.188.226.36,2,2026-09-19 22:43:17,2026-09-19 22:44:45
196.188.245.155,2,2026-09-19 22:43:17,2026-09-19 22:44:20
196.188.37.189,2,2026-09-22 13:18:41,2026-09-22 13:19:43
196.189.120.27,2,2026-09-17 01:06:38,2026-09-17 01:07:41
196.189.127.174,2,2026-09-22 13:18:41,2026-09-22 13:19:43
196.191.60.43,2,2026-09-23 01:10:24,2026-09-23 01:11:24
196.206.80.84,2,2026-09-19 22:48:30,2026-09-19 22:48:30
196.217.137.182,2,2026-09-23 01:59:29,2026-09-23 02:00:30
196.3.179.247,2,2026-09-17 01:06:38,2026-09-17 01:07:43
196.39.212.81,2,2026-09-21 23:11:34,2026-09-21 23:12:35
196.39.214.181,2,2026-09-23 20:21:01,2026-09-24 14:53:31
196.89.160.3,2,2026-09-17 01:07:11,2026-09-17 01:08:11
197.101.175.232,2,2026-09-23 00:27:03,2026-09-23 02:16:40
197.155.187.150,2,2026-09-22 16:26:29,2026-09-22 16:27:33
197.17.101.105,2,2026-09-22 16:26:25,2026-09-22 16:27:26
197.184.127.238,2,2026-09-19 02:37:16,2026-09-19 02:38:17
197.184.182.245,2,2026-09-19 22:43:21,2026-09-19 22:44:24
197.184.74.69,2,2026-09-19 22:43:18,2026-09-19 22:44:19
197.184.88.6,2,2026-09-19 22:43:17,2026-09-19 22:44:18
197.184.95.223,2,2026-09-19 02:41:54,2026-09-19 02:42:55
197.185.163.47,2,2026-09-19 02:31:37,2026-09-19 02:32:38
197.185.165.201,2,2026-09-17 01:06:20,2026-09-17 01:06:20
197.185.178.177,2,2026-09-19 02:40:22,2026-09-19 02:41:24
197.185.181.87,2,2026-09-21 23:11:34,2026-09-21 23:12:34
197.185.186.239,2,2026-09-25 00:24:15,2026-09-25 00:25:16
197.186.3.122,2,2026-09-23 01:58:27,2026-09-23 01:59:27
197.207.101.114,2,2026-09-17 01:06:31,2026-09-17 01:07:37
197.221.255.5,2,2026-09-22 16:26:26,2026-09-22 16:27:27
197.234.147.171,2,2026-09-23 01:58:21,2026-09-23 01:59:21
197.240.43.225,2,2026-09-19 22:43:31,2026-09-19 22:44:44
197.245.189.228,2,2026-09-21 23:11:34,2026-09-21 23:12:34
197.88.231.76,2,2026-09-23 01:35:56,2026-09-23 01:35:57
197.89.121.63,2,2026-09-17 01:06:36,2026-09-17 01:07:37
197.95.24.224,2,2026-09-22 16:26:26,2026-09-22 16:27:28
197.95.98.134,2,2026-09-19 22:43:18,2026-09-19 22:44:19
198.163.195.54,2,2026-09-17 01:06:31,2026-09-17 01:07:31
199.180.237.65,2,2026-09-17 01:06:31,2026-09-17 01:07:33
199.45.246.24,2,2026-09-25 00:24:14,2026-09-25 00:25:14
2.13.43.40,2,2026-09-23 01:35:57,2026-09-23 19:21:07
2.137.26.15,2,2026-09-17 01:06:36,2026-09-17 01:07:36
2.155.82.81,2,2026-09-23 00:27:01,2026-09-23 00:27:02
2.49.160.221,2,2026-09-17 01:06:36,2026-09-17 01:07:37
2.49.208.118,2,2026-09-23 00:27:01,2026-09-23 00:27:02
2.59.218.111,2,2026-09-17 01:06:37,2026-09-17 01:07:38
2.63.176.44,2,2026-09-23 01:59:30,2026-09-23 02:00:30
200.113.202.250,2,2026-09-17 01:06:39,2026-09-17 01:07:44
200.118.62.7,2,2026-09-21 22:08:43,2026-09-21 22:09:44
200.118.80.66,2,2026-09-17 01:06:36,2026-09-17 01:07:36
200.150.254.75,2,2026-09-23 19:21:04,2026-09-24 14:53:31
200.155.185.248,2,2026-09-23 01:57:18,2026-09-23 01:58:17
200.163.240.30,2,2026-09-23 01:57:18,2026-09-23 01:58:17
200.189.247.122,2,2026-09-25 00:24:16,2026-09-25 00:25:17
200.192.102.142,2,2026-09-25 00:24:15,2026-09-25 00:25:15
200.195.114.27,2,2026-09-21 21:28:51,2026-09-21 21:29:51
200.2.163.191,2,2026-09-23 02:14:31,2026-09-23 02:14:32
200.219.137.201,2,2026-09-22 21:31:37,2026-09-22 21:31:38
200.223.36.76,2,2026-09-21 23:11:34,2026-09-21 23:12:34
200.39.146.72,2,2026-09-24 15:21:56,2026-09-24 15:22:56
200.58.80.196,2,2026-09-17 01:06:31,2026-09-17 01:07:32
200.59.191.149,2,2026-09-17 01:06:37,2026-09-17 01:07:40
200.59.191.68,2,2026-09-24 15:21:56,2026-09-24 15:22:58
200.63.239.59,2,2026-09-21 22:25:41,2026-09-21 22:25:42
200.7.251.186,2,2026-09-17 01:06:36,2026-09-17 01:07:36
200.90.227.128,2,2026-09-19 22:43:16,2026-09-19 22:44:17
200.95.178.182,2,2026-09-25 00:24:15,2026-09-25 00:25:21
201.119.196.71,2,2026-09-23 01:45:12,2026-09-23 01:45:13
201.131.64.8,2,2026-09-25 00:24:15,2026-09-25 00:25:15
201.138.29.37,2,2026-09-22 13:18:39,2026-09-22 13:19:40
201.141.8.28,2,2026-09-23 01:57:22,2026-09-23 01:57:44
201.148.164.170,2,2026-09-23 01:45:12,2026-09-23 01:45:13
201.168.8.77,2,2026-09-17 01:06:31,2026-09-17 01:07:32
201.189.56.192,2,2026-09-24 15:21:56,2026-09-24 15:22:56
201.20.127.238,2,2026-09-22 13:18:39,2026-09-22 13:19:40
201.216.90.112,2,2026-09-21 22:25:41,2026-09-21 22:25:42
201.22.220.221,2,2026-09-19 22:43:17,2026-09-19 22:44:18
201.223.99.118,2,2026-09-23 01:53:57,2026-09-23 02:16:41
201.224.129.149,2,2026-09-21 23:11:34,2026-09-21 23:12:34
201.242.66.24,2,2026-09-17 01:06:31,2026-09-17 01:07:31
201.246.143.238,2,2026-09-19 22:43:17,2026-09-19 22:44:18
201.25.48.75,2,2026-09-22 16:26:27,2026-09-22 16:27:29
201.253.57.93,2,2026-09-22 10:57:53,2026-09-22 10:57:54
201.4.64.172,2,2026-09-21 22:08:44,2026-09-21 22:09:45
201.4.64.68,2,2026-09-22 13:18:39,2026-09-22 13:19:39
201.4.91.8,2,2026-09-24 15:21:56,2026-09-24 15:22:56
201.46.20.203,2,2026-09-24 15:21:56,2026-09-24 15:22:56
201.46.20.22,2,2026-09-22 16:26:25,2026-09-22 16:27:26
201.49.140.152,2,2026-09-23 02:14:31,2026-09-23 02:14:32
201.58.198.160,2,2026-09-21 23:11:34,2026-09-21 23:12:34
201.59.127.109,2,2026-09-25 00:24:16,2026-09-25 00:25:19
201.68.196.43,2,2026-09-23 01:45:12,2026-09-23 01:45:13
201.7.215.99,2,2026-09-21 22:08:43,2026-09-21 22:09:44
201.77.106.177,2,2026-09-24 15:21:56,2026-09-24 15:22:56
201.77.144.160,2,2026-09-19 22:43:17,2026-09-19 22:44:18
201.97.24.233,2,2026-09-22 13:18:42,2026-09-22 13:19:44
202.136.89.79,2,2026-09-17 01:06:30,2026-09-17 01:07:31
202.142.122.219,2,2026-09-19 22:43:18,2026-09-19 22:44:19
202.143.115.250,2,2026-09-19 22:43:18,2026-09-19 22:44:21
202.165.88.13,2,2026-09-22 23:16:19,2026-09-22 23:16:20
202.165.89.97,2,2026-09-22 13:18:41,2026-09-22 13:19:42
202.166.220.227,2,2026-09-17 01:06:36,2026-09-17 01:07:36
202.179.159.247,2,2026-09-22 13:18:39,2026-09-22 13:18:40
202.179.159.91,2,2026-09-22 13:18:41,2026-09-22 13:20:05
202.47.165.247,2,2026-09-22 10:57:53,2026-09-22 10:57:54
202.47.50.38,2,2026-09-22 13:18:44,2026-09-22 13:19:51
202.51.80.168,2,2026-09-17 01:06:33,2026-09-17 01:07:34
202.56.2.109,2,2026-09-17 01:06:54,2026-09-17 01:07:58
202.56.2.72,2,2026-09-17 01:07:23,2026-09-17 01:08:24
202.79.185.158,2,2026-09-25 00:24:14,2026-09-25 00:25:15
203.147.134.95,2,2026-09-22 13:18:40,2026-09-22 13:19:42
203.172.164.73,2,2026-09-22 13:18:39,2026-09-22 13:18:40
203.190.14.158,2,2026-09-24 15:21:55,2026-09-24 15:22:56
203.215.174.58,2,2026-09-23 22:50:19,2026-09-24 22:59:07
203.26.240.120,2,2026-09-22 21:31:37,2026-09-22 21:31:38
203.26.240.17,2,2026-09-22 13:18:39,2026-09-22 13:19:40
203.89.124.231,2,2026-09-22 21:31:37,2026-09-22 21:31:38
204.157.182.124,2,2026-09-23 01:10:25,2026-09-23 01:11:25
205.254.168.128,2,2026-09-21 22:08:44,2026-09-21 22:09:45
206.0.90.172,2,2026-09-25 00:24:15,2026-09-25 00:25:15
206.1.135.204,2,2026-09-23 01:27:31,2026-09-23 01:27:32
206.135.4.234,2,2026-09-19 22:43:18,2026-09-19 22:44:19
206.135.56.206,2,2026-09-23 00:54:48,2026-09-23 00:55:48
206.62.160.98,2,2026-09-17 01:06:45,2026-09-17 01:07:46
207.248.203.210,2,2026-09-21 21:28:50,2026-09-21 21:29:50
209.178.144.237,2,2026-09-17 01:06:31,2026-09-17 01:07:35
210.14.102.23,2,2026-09-21 23:11:39,2026-09-21 23:12:45
210.14.98.177,2,2026-09-22 13:18:43,2026-09-22 13:19:45
210.79.182.245,2,2026-09-21 23:11:34,2026-09-21 23:12:34
212.175.50.80,2,2026-09-19 22:43:17,2026-09-19 22:44:28
212.200.115.125,2,2026-09-17 01:06:36,2026-09-17 01:07:36
212.237.122.68,2,2026-09-19 22:43:16,2026-09-19 22:44:17
212.253.203.104,2,2026-09-22 23:16:19,2026-09-22 23:16:20
212.32.208.173,2,2026-09-21 23:11:34,2026-09-21 23:12:34
212.47.131.31,2,2026-09-22 13:18:39,2026-09-22 13:19:39
212.47.133.93,2,2026-09-22 17:28:17,2026-09-22 17:28:18
212.47.136.25,2,2026-09-17 01:06:37,2026-09-17 01:07:38
212.47.137.123,2,2026-09-23 01:45:12,2026-09-23 01:45:13
212.47.146.6,2,2026-09-23 01:11:26,2026-09-23 01:12:26
212.58.119.2,2,2026-09-23 01:09:22,2026-09-23 01:10:22
212.58.120.83,2,2026-09-22 13:18:39,2026-09-22 13:19:40
212.58.121.224,2,2026-09-22 16:26:25,2026-09-22 16:27:26
212.96.69.244,2,2026-09-17 01:06:36,2026-09-17 01:07:38
213.174.6.31,2,2026-09-24 15:21:57,2026-09-24 15:22:58
213.230.79.185,2,2026-09-22 19:33:50,2026-09-22 19:33:51
213.230.79.214,2,2026-09-22 10:57:53,2026-09-22 10:57:54
213.230.87.192,2,2026-09-21 22:25:41,2026-09-21 22:25:42
213.232.237.148,2,2026-09-17 01:06:36,2026-09-17 01:07:38
213.41.174.67,2,2026-09-22 16:26:27,2026-09-22 16:27:27
213.5.192.193,2,2026-09-23 02:14:31,2026-09-23 02:14:32
213.6.47.137,2,2026-09-19 22:43:16,2026-09-19 22:44:17
213.94.57.125,2,2026-09-23 01:36:05,2026-09-23 02:15:36
216.10.214.150,2,2026-09-19 22:43:20,2026-09-19 22:44:22
216.234.211.184,2,2026-09-17 01:06:37,2026-09-17 01:07:39
216.24.40.20,2,2026-09-17 01:06:35,2026-09-17 01:07:53
217.113.13.53,2,2026-09-21 22:08:43,2026-09-21 22:09:43
217.131.119.250,2,2026-09-17 01:06:38,2026-09-17 01:07:39
217.150.192.158,2,2026-09-17 01:06:36,2026-09-17 01:07:36
217.150.82.147,2,2026-09-22 16:26:25,2026-09-22 16:27:26
217.196.163.147,2,2026-09-25 00:24:14,2026-09-25 00:25:15
217.199.148.247,2,2026-09-17 01:06:31,2026-09-17 01:07:32
217.199.151.82,2,2026-09-17 01:07:24,2026-09-17 01:08:35
217.29.24.150,2,2026-09-19 22:43:17,2026-09-19 22:44:18
221.121.103.150,2,2026-09-22 10:57:53,2026-09-22 10:57:54
221.152.89.13,2,2026-09-21 22:09:09,2026-09-21 22:10:09
222.127.220.132,2,2026-09-22 17:28:17,2026-09-22 17:28:18
223.123.35.242,2,2026-09-23 01:11:26,2026-09-23 01:12:26
223.181.77.241,2,2026-09-23 00:53:47,2026-09-23 00:54:47
223.184.249.253,2,2026-09-17 01:06:39,2026-09-17 01:07:41
223.185.55.178,2,2026-09-22 13:18:41,2026-09-22 13:19:43
223.188.23.27,2,2026-09-22 10:57:54,2026-09-22 10:57:55
223.190.84.187,2,2026-09-17 01:06:37,2026-09-17 01:07:39
223.191.91.111,2,2026-09-22 13:18:42,2026-09-22 13:19:45
223.196.174.144,2,2026-09-19 22:43:23,2026-09-19 22:44:36
223.233.71.243,2,2026-09-22 10:57:54,2026-09-22 10:57:55
223.233.86.13,2,2026-09-22 13:18:41,2026-09-22 13:19:43
23.239.50.119,2,2026-09-23 01:58:22,2026-09-23 01:59:30
27.130.227.41,2,2026-09-17 01:06:30,2026-09-17 01:07:30
27.130.88.137,2,2026-09-22 16:26:36,2026-09-22 16:27:36
27.58.141.173,2,2026-09-17 01:06:36,2026-09-17 01:07:37
27.60.22.231,2,2026-09-17 01:06:44,2026-09-17 01:07:51
27.60.4.191,2,2026-09-24 15:21:57,2026-09-24 15:22:58
31.129.77.94,2,2026-09-21 23:12:13,2026-09-21 23:13:13
31.134.89.64,2,2026-09-21 23:11:34,2026-09-21 23:12:34
31.189.250.110,2,2026-09-23 02:14:31,2026-09-23 02:14:32
31.208.31.231,2,2026-09-23 01:11:26,2026-09-23 01:12:26
31.215.100.241,2,2026-09-17 01:06:36,2026-09-17 01:07:36
31.222.114.192,2,2026-09-21 21:28:50,2026-09-21 21:29:50
31.31.2.192,2,2026-09-22 13:56:44,2026-09-23 02:02:40
31.40.157.69,2,2026-09-17 01:06:32,2026-09-17 01:07:34
31.41.68.227,2,2026-09-21 21:28:50,2026-09-21 21:29:50
31.41.93.217,2,2026-09-17 01:06:36,2026-09-17 01:07:36
31.43.236.189,2,2026-09-22 13:18:39,2026-09-22 13:19:40
31.43.37.195,2,2026-09-17 01:06:19,2026-09-17 01:08:17
36.255.33.227,2,2026-09-22 13:18:44,2026-09-22 13:19:45
36.255.81.132,2,2026-09-17 01:06:37,2026-09-17 01:07:39
36.50.239.17,2,2026-09-25 00:24:15,2026-09-25 00:25:16
37.112.80.15,2,2026-09-22 13:18:39,2026-09-22 13:19:40
37.114.176.178,2,2026-09-17 01:06:31,2026-09-17 01:07:31
37.114.177.148,2,2026-09-23 01:27:31,2026-09-23 01:27:32
37.114.181.99,2,2026-09-23 01:11:26,2026-09-23 01:12:26
37.134.181.129,2,2026-09-23 02:14:31,2026-09-23 02:14:32
37.186.45.17,2,2026-09-23 01:55:03,2026-09-23 01:56:03
37.186.50.247,2,2026-09-21 21:28:50,2026-09-21 21:29:50
37.205.113.184,2,2026-09-19 22:43:16,2026-09-19 22:44:17
37.205.118.190,2,2026-09-19 22:43:18,2026-09-19 22:44:20
37.21.135.87,2,2026-09-23 01:27:31,2026-09-23 01:27:32
37.211.47.178,2,2026-09-17 01:06:31,2026-09-17 01:07:31
37.212.87.197,2,2026-09-17 01:06:43,2026-09-17 01:07:47
37.215.32.11,2,2026-09-23 01:45:12,2026-09-23 01:45:13
37.215.96.234,2,2026-09-23 02:14:31,2026-09-23 02:14:32
37.228.209.58,2,2026-09-22 13:18:39,2026-09-22 13:18:40
37.236.210.201,2,2026-09-21 22:08:43,2026-09-21 22:09:43
37.237.66.36,2,2026-09-19 22:43:21,2026-09-19 22:44:23
37.238.104.144,2,2026-09-23 01:59:30,2026-09-23 02:00:30
37.238.104.3,2,2026-09-17 01:06:33,2026-09-17 01:07:34
37.238.212.4,2,2026-09-21 23:11:34,2026-09-21 23:12:35
37.238.68.9,2,2026-09-21 23:11:34,2026-09-21 23:12:35
37.239.158.3,2,2026-09-17 01:06:34,2026-09-17 01:07:35
37.239.16.55,2,2026-09-19 22:43:17,2026-09-19 22:44:19
37.239.2.25,2,2026-09-17 01:06:44,2026-09-17 01:07:52
37.239.225.18,2,2026-09-22 13:19:37,2026-09-22 13:20:40
37.239.25.89,2,2026-09-19 22:43:17,2026-09-19 22:44:18
37.239.57.17,2,2026-09-23 01:45:12,2026-09-23 01:45:13
37.239.81.4,2,2026-09-23 01:53:56,2026-09-23 01:54:56
37.243.171.28,2,2026-09-23 01:11:27,2026-09-23 01:12:27
37.40.91.6,2,2026-09-24 15:21:55,2026-09-24 15:22:56
37.41.111.143,2,2026-09-21 23:11:34,2026-09-21 23:12:34
37.41.209.253,2,2026-09-23 01:45:12,2026-09-23 01:45:13
37.52.105.174,2,2026-09-22 19:33:50,2026-09-22 19:33:51
37.52.29.15,2,2026-09-19 22:43:17,2026-09-19 22:44:17
37.53.187.200,2,2026-09-17 01:07:29,2026-09-17 01:08:29
37.53.220.191,2,2026-09-21 23:11:34,2026-09-21 23:12:34
37.54.120.129,2,2026-09-24 15:21:56,2026-09-24 15:22:56
37.57.184.57,2,2026-09-17 01:06:30,2026-09-17 01:07:31
37.61.114.99,2,2026-09-21 22:08:43,2026-09-21 22:09:43
37.61.120.233,2,2026-09-23 01:58:21,2026-09-23 01:59:21
37.67.35.35,2,2026-09-25 00:24:14,2026-09-25 00:25:14
37.76.146.202,2,2026-09-17 01:06:35,2026-09-17 01:07:36
37.8.52.33,2,2026-09-23 01:45:12,2026-09-23 01:45:13
37.8.63.13,2,2026-09-17 01:06:39,2026-09-17 01:07:43
37.99.49.119,2,2026-09-22 23:16:19,2026-09-22 23:16:20
38.134.249.135,2,2026-09-23 01:45:12,2026-09-23 01:45:13
38.137.37.62,2,2026-09-21 23:11:34,2026-09-21 23:12:34
38.150.94.22,2,2026-09-22 13:18:40,2026-09-22 13:19:40
38.156.229.147,2,2026-09-25 00:24:15,2026-09-25 00:25:15
38.158.203.191,2,2026-09-23 01:57:18,2026-09-23 01:58:17
38.17.171.104,2,2026-09-17 01:06:36,2026-09-17 01:07:37
38.171.126.2,2,2026-09-21 23:11:34,2026-09-21 23:12:34
38.171.185.253,2,2026-09-17 01:06:36,2026-09-17 01:07:37
38.171.192.89,2,2026-09-23 00:27:01,2026-09-23 00:27:02
38.171.51.42,2,2026-09-22 23:16:19,2026-09-22 23:16:20
38.183.152.53,2,2026-09-21 22:08:43,2026-09-21 22:09:44
38.183.4.106,2,2026-09-22 10:57:54,2026-09-22 10:57:55
38.183.52.18,2,2026-09-23 02:14:31,2026-09-23 02:14:32
38.183.62.174,2,2026-09-17 01:07:33,2026-09-17 01:08:34
38.19.212.134,2,2026-09-21 23:11:34,2026-09-21 23:12:35
38.191.128.103,2,2026-09-23 01:58:22,2026-09-23 01:59:22
38.191.212.126,2,2026-09-21 22:08:44,2026-09-21 22:09:45
38.199.54.72,2,2026-09-22 17:28:17,2026-09-22 17:28:18
38.210.179.187,2,2026-09-24 15:21:56,2026-09-24 15:22:56
38.210.230.156,2,2026-09-22 17:28:17,2026-09-22 17:28:18
38.210.46.151,2,2026-09-19 22:43:17,2026-09-19 22:44:17
38.211.48.238,2,2026-09-23 01:45:12,2026-09-23 01:45:13
38.224.156.10,2,2026-09-19 22:43:17,2026-09-19 22:44:18
38.236.27.223,2,2026-09-22 13:18:40,2026-09-22 13:19:41
38.25.182.150,2,2026-09-17 01:06:36,2026-09-17 01:07:36
38.25.209.165,2,2026-09-23 01:27:31,2026-09-23 01:27:32
38.25.25.203,2,2026-09-17 01:06:32,2026-09-17 01:07:32
38.250.135.0,2,2026-09-19 22:43:18,2026-09-19 22:44:19
38.253.204.209,2,2026-09-21 22:08:43,2026-09-21 22:09:46
38.3.194.77,2,2026-09-23 01:53:55,2026-09-23 01:53:56
38.41.42.146,2,2026-09-19 22:43:21,2026-09-19 22:44:26
38.43.254.24,2,2026-09-23 01:45:12,2026-09-23 01:45:13
38.51.221.201,2,2026-09-17 01:06:32,2026-09-17 01:07:32
38.58.67.31,2,2026-09-17 01:06:36,2026-09-17 01:07:36
38.61.185.236,2,2026-09-23 01:10:24,2026-09-23 01:11:24
38.68.184.94,2,2026-09-19 22:43:17,2026-09-19 22:44:17
38.74.247.67,2,2026-09-25 00:24:15,2026-09-25 00:25:16
38.99.72.22,2,2026-09-23 00:54:48,2026-09-23 00:55:48
39.34.129.159,2,2026-09-19 22:43:17,2026-09-19 22:44:18
39.34.141.64,2,2026-09-17 01:06:33,2026-09-17 01:07:43
39.34.144.28,2,2026-09-23 01:57:18,2026-09-23 01:58:17
39.34.187.138,2,2026-09-17 01:06:39,2026-09-17 01:07:46
39.47.137.43,2,2026-09-23 01:57:18,2026-09-23 19:21:04
41.10.77.239,2,2026-09-17 01:07:09,2026-09-17 01:08:11
41.100.244.211,2,2026-09-23 00:36:57,2026-09-23 00:36:58
41.109.255.188,2,2026-09-17 01:06:39,2026-09-17 01:07:41
41.135.72.199,2,2026-09-23 01:59:30,2026-09-23 02:00:30
41.139.134.87,2,2026-09-23 01:55:16,2026-09-23 01:56:16
41.139.163.247,2,2026-09-21 22:09:16,2026-09-21 22:10:16
41.141.2.135,2,2026-09-22 13:18:39,2026-09-22 13:19:40
41.180.74.157,2,2026-09-24 15:21:56,2026-09-24 15:22:57
41.188.117.33,2,2026-09-17 01:06:58,2026-09-17 01:08:23
41.190.134.12,2,2026-09-19 22:43:36,2026-09-19 22:44:57
41.205.54.175,2,2026-09-19 22:43:20,2026-09-19 22:44:23
41.208.157.56,2,2026-09-23 01:10:24,2026-09-23 01:11:24
41.209.10.19,2,2026-09-23 01:45:16,2026-09-24 13:07:21
41.209.14.82,2,2026-09-22 13:18:39,2026-09-22 13:19:40
41.210.143.59,2,2026-09-21 23:11:40,2026-09-21 23:12:43
41.214.49.64,2,2026-09-21 21:28:50,2026-09-21 21:29:51
41.242.162.33,2,2026-09-17 01:06:45,2026-09-17 01:07:48
41.25.43.143,2,2026-09-25 00:24:17,2026-09-25 00:25:20
41.56.64.174,2,2026-09-23 00:54:48,2026-09-23 00:55:48
41.59.128.204,2,2026-09-21 23:11:34,2026-09-21 23:12:34
41.59.13.166,2,2026-09-23 01:10:24,2026-09-23 01:11:24
41.74.48.113,2,2026-09-22 10:57:54,2026-09-22 10:57:55
41.76.102.134,2,2026-09-23 02:14:33,2026-09-23 02:15:34
41.76.192.17,2,2026-09-22 10:57:53,2026-09-22 10:57:54
41.76.96.174,2,2026-09-21 22:08:43,2026-09-21 22:09:43
41.83.245.87,2,2026-09-22 16:26:27,2026-09-22 16:27:28
41.85.162.182,2,2026-09-23 01:58:25,2026-09-23 01:59:25
42.105.11.195,2,2026-09-21 23:12:11,2026-09-21 23:13:12
43.229.165.134,2,2026-09-23 00:27:02,2026-09-23 00:27:03
43.240.6.19,2,2026-09-19 22:43:17,2026-09-19 22:44:19
43.252.106.81,2,2026-09-23 00:53:47,2026-09-23 00:54:47
45.112.44.112,2,2026-09-21 23:11:34,2026-09-21 23:12:35
45.112.46.130,2,2026-09-19 22:43:16,2026-09-19 22:44:17
45.117.104.147,2,2026-09-19 22:43:16,2026-09-19 22:44:18
45.14.109.138,2,2026-09-17 01:06:36,2026-09-17 01:07:36
45.147.120.246,2,2026-09-23 01:27:31,2026-09-23 01:27:32
45.153.64.218,2,2026-09-19 22:43:18,2026-09-19 22:44:20
45.159.74.193,2,2026-09-22 13:18:40,2026-09-22 13:19:40
45.160.191.90,2,2026-09-25 00:24:15,2026-09-25 00:25:15
45.160.63.18,2,2026-09-22 16:26:25,2026-09-22 16:27:26
45.161.194.61,2,2026-09-23 01:57:18,2026-09-23 01:58:17
45.162.245.17,2,2026-09-23 01:57:57,2026-09-23 01:58:17
45.164.104.33,2,2026-09-22 13:18:41,2026-09-22 13:19:49
45.164.85.220,2,2026-09-22 16:26:26,2026-09-22 16:27:26
45.164.99.62,2,2026-09-25 00:24:15,2026-09-25 00:25:15
45.165.125.209,2,2026-09-23 01:58:09,2026-09-23 22:23:34
45.165.49.175,2,2026-09-17 01:06:36,2026-09-17 01:07:37
45.165.54.174,2,2026-09-21 22:08:44,2026-09-21 22:09:45
45.165.62.17,2,2026-09-24 15:22:00,2026-09-24 15:23:00
45.166.190.18,2,2026-09-25 00:24:15,2026-09-25 00:25:15
45.166.25.197,2,2026-09-19 22:43:17,2026-09-19 22:44:17
45.168.90.183,2,2026-09-22 16:26:25,2026-09-22 16:27:26
45.169.127.44,2,2026-09-17 01:06:37,2026-09-17 01:07:38
45.169.207.75,2,2026-09-21 22:08:43,2026-09-21 22:09:43
45.170.222.214,2,2026-09-23 19:21:05,2026-09-23 21:20:31
45.170.61.231,2,2026-09-22 16:26:25,2026-09-22 16:27:26
45.172.80.251,2,2026-09-23 01:45:12,2026-09-23 01:45:13
45.174.149.1,2,2026-09-19 02:39:37,2026-09-19 02:40:41
45.174.243.237,2,2026-09-22 21:31:37,2026-09-22 21:31:38
45.174.89.212,2,2026-09-22 10:57:53,2026-09-22 10:57:54
45.175.111.98,2,2026-09-22 16:26:25,2026-09-22 16:27:26
45.176.207.59,2,2026-09-24 15:21:56,2026-09-24 15:22:56
45.177.32.163,2,2026-09-24 15:21:56,2026-09-24 15:22:56
45.178.110.204,2,2026-09-17 01:06:31,2026-09-17 01:07:35
45.178.132.131,2,2026-09-23 01:58:22,2026-09-23 01:59:22
45.178.3.43,2,2026-09-23 00:53:46,2026-09-23 00:54:46
45.180.9.85,2,2026-09-21 22:08:43,2026-09-21 22:09:43
45.181.120.91,2,2026-09-17 01:06:31,2026-09-17 01:07:31
45.181.26.34,2,2026-09-25 00:24:15,2026-09-25 00:25:16
45.182.176.138,2,2026-09-17 01:07:18,2026-09-17 01:08:18
45.183.242.88,2,2026-09-25 00:24:15,2026-09-25 00:25:15
45.184.233.27,2,2026-09-19 22:43:17,2026-09-19 22:44:17
45.185.157.187,2,2026-09-21 22:25:41,2026-09-21 22:25:42
45.185.40.146,2,2026-09-25 00:24:15,2026-09-25 00:25:16
45.185.85.174,2,2026-09-23 01:57:52,2026-09-23 01:58:18
45.186.203.228,2,2026-09-23 01:27:31,2026-09-23 01:27:32
45.186.209.17,2,2026-09-17 01:06:36,2026-09-17 01:07:37
45.186.52.200,2,2026-09-22 13:18:44,2026-09-22 13:19:48
45.187.147.34,2,2026-09-23 01:09:23,2026-09-25 01:22:37
45.187.226.41,2,2026-09-22 10:57:53,2026-09-22 10:57:54
45.187.235.37,2,2026-09-24 15:21:56,2026-09-24 15:22:58
45.188.169.10,2,2026-09-22 16:26:28,2026-09-22 16:27:28
45.188.169.8,2,2026-09-21 22:25:41,2026-09-21 22:25:42
45.188.178.140,2,2026-09-22 13:18:39,2026-09-22 13:19:40
45.190.135.40,2,2026-09-23 01:35:56,2026-09-23 01:35:57
45.190.169.90,2,2026-09-21 22:08:44,2026-09-21 22:09:45
45.191.44.28,2,2026-09-17 01:06:20,2026-09-17 01:06:20
45.192.138.85,2,2026-09-23 00:54:48,2026-09-23 00:55:48
45.195.25.138,2,2026-09-23 01:27:31,2026-09-23 01:27:32
45.224.234.60,2,2026-09-21 22:08:43,2026-09-21 22:09:43
45.225.118.40,2,2026-09-19 22:43:17,2026-09-19 22:44:17
45.225.163.208,2,2026-09-23 00:27:01,2026-09-23 00:27:02
45.225.163.77,2,2026-09-21 22:25:41,2026-09-21 22:25:42
45.225.238.124,2,2026-09-22 21:31:40,2026-09-22 22:56:02
45.226.117.191,2,2026-09-23 02:14:31,2026-09-23 02:14:32
45.226.118.184,2,2026-09-22 16:26:45,2026-09-22 16:27:45
45.226.119.102,2,2026-09-23 01:57:18,2026-09-23 01:58:17
45.227.94.76,2,2026-09-17 01:06:31,2026-09-17 01:07:31
45.229.54.165,2,2026-09-22 21:31:37,2026-09-22 21:31:38
45.230.214.135,2,2026-09-22 13:18:41,2026-09-22 13:19:42
45.230.49.135,2,2026-09-19 22:43:18,2026-09-19 22:44:18
45.231.254.59,2,2026-09-17 01:06:36,2026-09-17 01:07:36
45.232.203.122,2,2026-09-22 16:26:25,2026-09-22 16:27:26
45.232.95.102,2,2026-09-19 22:43:17,2026-09-19 22:44:17
45.235.122.204,2,2026-09-23 01:27:31,2026-09-23 01:27:32
45.235.158.205,2,2026-09-17 01:06:36,2026-09-17 01:07:36
45.237.117.210,2,2026-09-22 16:26:25,2026-09-22 16:27:26
45.237.238.183,2,2026-09-23 01:57:18,2026-09-23 01:58:17
45.238.138.240,2,2026-09-24 15:22:02,2026-09-24 15:23:03
45.238.188.189,2,2026-09-22 10:57:53,2026-09-22 10:57:54
45.239.61.137,2,2026-09-21 23:11:34,2026-09-21 23:12:34
45.249.226.65,2,2026-09-22 13:18:39,2026-09-22 13:19:40
45.251.48.186,2,2026-09-22 23:16:19,2026-09-22 23:16:20
45.4.163.230,2,2026-09-23 01:45:12,2026-09-23 01:45:13
45.41.104.196,2,2026-09-22 13:18:40,2026-09-22 13:19:41
45.41.105.162,2,2026-09-21 22:08:43,2026-09-21 22:09:44
45.6.128.167,2,2026-09-19 22:43:19,2026-09-19 22:44:20
45.65.224.18,2,2026-09-17 01:06:31,2026-09-17 01:07:32
45.65.226.184,2,2026-09-25 00:24:17,2026-09-25 00:25:21
45.65.237.74,2,2026-09-22 18:22:22,2026-09-23 02:15:36
45.7.165.213,2,2026-09-23 00:54:57,2026-09-24 17:57:46
45.71.211.198,2,2026-09-21 22:25:41,2026-09-21 22:25:42
46.102.16.11,2,2026-09-19 22:43:17,2026-09-19 22:44:18
46.102.17.85,2,2026-09-19 22:43:17,2026-09-19 22:44:18
46.150.81.185,2,2026-09-23 02:16:39,2026-09-24 13:07:20
46.150.81.191,2,2026-09-22 10:57:53,2026-09-22 10:57:54
46.150.94.228,2,2026-09-21 23:11:34,2026-09-21 23:12:34
46.162.203.175,2,2026-09-23 00:36:59,2026-09-23 20:21:00
46.191.138.39,2,2026-09-19 22:43:17,2026-09-19 22:44:17
46.232.156.119,2,2026-09-22 13:56:45,2026-09-24 00:08:43
46.53.134.132,2,2026-09-22 13:18:41,2026-09-22 13:19:44
46.6.41.197,2,2026-09-25 00:24:14,2026-09-25 00:25:15
46.98.59.62,2,2026-09-17 01:06:36,2026-09-17 01:07:36
46.98.61.79,2,2026-09-22 13:18:39,2026-09-22 13:19:40
47.15.229.60,2,2026-09-24 15:21:56,2026-09-24 15:22:56
47.213.217.43,2,2026-09-19 22:43:37,2026-09-19 22:44:45
47.58.17.135,2,2026-09-25 00:24:14,2026-09-25 00:25:15
49.125.209.229,2,2026-09-22 10:57:53,2026-09-22 10:57:54
49.144.18.145,2,2026-09-21 23:11:34,2026-09-21 23:12:35
49.145.132.84,2,2026-09-19 22:43:21,2026-09-19 22:44:24
49.156.112.95,2,2026-09-19 22:43:17,2026-09-19 22:44:18
49.36.111.44,2,2026-09-21 22:08:44,2026-09-21 22:09:44
49.36.189.191,2,2026-09-21 23:11:34,2026-09-21 23:12:34
49.36.19.113,2,2026-09-19 22:43:26,2026-09-19 22:44:27
49.36.219.115,2,2026-09-19 22:43:17,2026-09-19 22:44:18
49.36.223.17,2,2026-09-19 22:43:17,2026-09-19 22:44:19
49.36.88.167,2,2026-09-21 22:08:43,2026-09-21 22:09:44
49.37.155.178,2,2026-09-24 15:21:55,2026-09-24 15:22:56
49.37.211.203,2,2026-09-21 23:11:35,2026-09-21 23:12:38
49.43.109.153,2,2026-09-21 23:11:34,2026-09-21 23:12:34
49.43.114.200,2,2026-09-19 22:43:18,2026-09-19 22:44:19
49.43.118.187,2,2026-09-17 01:06:37,2026-09-17 01:07:39
49.43.134.135,2,2026-09-19 22:43:17,2026-09-19 22:44:18
49.43.170.96,2,2026-09-21 23:11:36,2026-09-21 23:12:40
49.43.222.81,2,2026-09-24 15:21:55,2026-09-24 15:22:56
49.47.152.225,2,2026-09-21 23:11:34,2026-09-21 23:12:34
49.47.154.116,2,2026-09-17 01:07:15,2026-09-17 01:08:17
5.1.1.151,2,2026-09-22 13:18:39,2026-09-22 13:19:40
5.1.110.19,2,2026-09-17 01:06:31,2026-09-17 01:07:33
5.133.123.153,2,2026-09-24 15:21:56,2026-09-24 15:22:59
5.15.139.215,2,2026-09-22 23:16:19,2026-09-22 23:16:20
5.155.102.96,2,2026-09-22 13:18:53,2026-09-22 13:20:07
5.155.69.18,2,2026-09-22 13:19:11,2026-09-22 13:20:37
5.162.85.20,2,2026-09-17 01:06:30,2026-09-17 01:07:33
5.225.255.156,2,2026-09-17 01:06:30,2026-09-17 01:07:35
5.240.54.155,2,2026-09-21 22:08:43,2026-09-21 22:09:44
5.58.125.144,2,2026-09-22 16:26:26,2026-09-22 16:27:26
5.62.139.209,2,2026-09-19 22:43:17,2026-09-19 22:44:17
5.62.144.125,2,2026-09-17 01:06:37,2026-09-17 01:07:38
5.62.144.176,2,2026-09-19 22:43:17,2026-09-19 22:44:18
5.62.147.180,2,2026-09-19 22:43:17,2026-09-19 22:44:18
5.77.138.33,2,2026-09-23 02:14:31,2026-09-23 02:14:32
5.8.134.16,2,2026-09-24 15:21:58,2026-09-24 15:22:59
5.90.218.222,2,2026-09-19 22:43:17,2026-09-19 22:44:18
50.53.23.243,2,2026-09-19 22:43:17,2026-09-19 22:44:18
51.235.96.28,2,2026-09-19 22:48:35,2026-09-19 22:48:35
51.36.22.53,2,2026-09-23 00:53:48,2026-09-23 00:54:48
59.152.120.60,2,2026-09-21 23:11:34,2026-09-21 23:12:34
59.178.67.10,2,2026-09-22 13:18:43,2026-09-22 13:19:45
59.178.7.123,2,2026-09-21 23:11:34,2026-09-21 23:12:35
61.9.1.111,2,2026-09-23 01:27:31,2026-09-23 01:27:32
62.122.66.194,2,2026-09-17 01:06:30,2026-09-17 01:07:31
65.20.163.209,2,2026-09-23 01:45:12,2026-09-23 01:45:13
65.31.136.253,2,2026-09-17 01:06:36,2026-09-17 01:07:37
65.34.106.166,2,2026-09-19 22:43:17,2026-09-19 22:44:18
66.50.50.151,2,2026-09-22 13:18:41,2026-09-22 13:19:43
67.223.121.179,2,2026-09-19 22:43:41,2026-09-19 22:44:58
69.53.22.84,2,2026-09-21 23:11:34,2026-09-21 23:12:35
70.186.100.27,2,2026-09-23 01:45:12,2026-09-23 01:45:13
71.10.239.168,2,2026-09-19 22:43:18,2026-09-19 22:44:19
71.124.34.187,2,2026-09-23 01:35:56,2026-09-23 01:35:57
71.127.53.223,2,2026-09-22 18:22:22,2026-09-23 20:21:00
71.174.42.135,2,2026-09-22 13:18:40,2026-09-22 13:19:41
74.244.13.130,2,2026-09-22 13:18:40,2026-09-22 13:19:41
74.244.184.201,2,2026-09-25 00:24:16,2026-09-25 00:25:19
74.244.193.101,2,2026-09-17 01:06:42,2026-09-17 01:07:48
75.183.165.22,2,2026-09-19 22:43:16,2026-09-19 22:44:17
76.36.209.165,2,2026-09-17 01:06:43,2026-09-17 01:07:54
77.220.53.87,2,2026-09-22 17:28:17,2026-09-22 17:28:18
77.222.98.57,2,2026-09-19 22:43:17,2026-09-19 22:44:18
77.30.206.211,2,2026-09-17 01:06:36,2026-09-17 01:07:36
77.75.146.24,2,2026-09-23 01:53:55,2026-09-23 01:53:56
78.115.178.223,2,2026-09-21 22:25:41,2026-09-21 22:25:42
78.144.151.70,2,2026-09-23 01:59:30,2026-09-23 02:00:30
78.190.16.120,2,2026-09-23 01:55:03,2026-09-23 01:56:03
79.110.133.169,2,2026-09-22 16:26:26,2026-09-22 16:27:26
79.110.134.60,2,2026-09-22 13:18:39,2026-09-22 13:19:40
79.116.232.88,2,2026-09-25 00:24:14,2026-09-25 00:25:14
79.116.236.189,2,2026-09-22 16:27:06,2026-09-22 16:28:07
79.117.146.254,2,2026-09-24 15:21:56,2026-09-24 15:22:56
79.117.164.141,2,2026-09-17 01:06:36,2026-09-17 01:07:37
79.117.194.202,2,2026-09-23 00:36:57,2026-09-23 00:36:58
79.117.239.254,2,2026-09-21 22:25:41,2026-09-21 22:25:42
79.118.120.128,2,2026-09-17 01:06:47,2026-09-17 01:08:04
79.126.115.38,2,2026-09-19 22:43:17,2026-09-19 22:44:17
79.156.12.217,2,2026-09-23 00:55:48,2026-09-23 02:15:35
79.168.58.212,2,2026-09-17 01:06:22,2026-09-21 20:49:17
80.102.234.12,2,2026-09-17 01:06:36,2026-09-17 01:07:38
80.187.86.30,2,2026-09-24 04:23:00,2026-09-24 04:24:12
80.195.17.8,2,2026-09-17 01:06:41,2026-09-17 01:07:46
80.249.206.16,2,2026-09-25 00:24:14,2026-09-25 00:25:15
80.252.58.51,2,2026-09-21 22:25:42,2026-09-21 22:25:43
80.64.81.238,2,2026-09-23 01:27:31,2026-09-23 01:27:32
80.64.81.45,2,2026-09-21 21:28:50,2026-09-21 21:29:50
81.110.24.58,2,2026-09-17 01:06:38,2026-09-17 01:07:40
81.220.169.248,2,2026-09-22 21:31:37,2026-09-22 21:31:38
81.65.137.223,2,2026-09-23 00:36:57,2026-09-23 00:36:58
82.102.204.79,2,2026-09-17 01:06:58,2026-09-17 01:07:58
82.140.197.166,2,2026-09-17 01:06:30,2026-09-17 01:07:31
82.147.206.13,2,2026-09-17 01:06:30,2026-09-17 01:07:31
82.15.169.188,2,2026-09-21 22:08:43,2026-09-21 22:09:43
82.215.111.120,2,2026-09-21 21:28:50,2026-09-21 21:29:50
82.215.74.80,2,2026-09-23 01:53:55,2026-09-23 01:53:56
82.215.80.58,2,2026-09-23 01:45:12,2026-09-23 01:45:13
82.229.71.181,2,2026-09-19 22:43:17,2026-09-19 22:44:17
82.230.65.90,2,2026-09-17 01:06:30,2026-09-17 01:07:33
83.110.18.33,2,2026-09-17 01:06:36,2026-09-17 01:07:36
83.114.66.111,2,2026-09-23 00:36:57,2026-09-23 00:36:58
83.57.27.74,2,2026-09-23 01:27:31,2026-09-23 01:27:32
83.99.169.27,2,2026-09-17 01:06:30,2026-09-17 01:07:30
84.203.20.59,2,2026-09-23 01:35:57,2026-09-24 00:08:45
84.232.25.64,2,2026-09-23 01:57:18,2026-09-23 01:58:17
84.54.70.215,2,2026-09-22 10:57:54,2026-09-22 10:57:55
85.114.215.228,2,2026-09-22 17:28:17,2026-09-22 17:28:18
85.152.106.175,2,2026-09-23 00:37:01,2026-09-23 02:15:38
85.174.194.36,2,2026-09-22 23:16:19,2026-09-22 23:16:20
85.175.198.157,2,2026-09-22 23:16:19,2026-09-22 23:16:20
85.194.47.98,2,2026-09-23 01:57:19,2026-09-23 01:57:43
85.60.203.95,2,2026-09-21 23:11:36,2026-09-21 23:12:36
85.95.179.89,2,2026-09-23 02:14:31,2026-09-23 02:14:32
86.249.251.173,2,2026-09-17 01:06:19,2026-09-17 01:08:03
86.250.189.237,2,2026-09-17 01:06:20,2026-09-17 01:06:20
86.33.16.6,2,2026-09-22 13:18:40,2026-09-22 13:19:40
86.74.202.95,2,2026-09-17 01:06:36,2026-09-17 01:07:36
86.77.23.115,2,2026-09-25 00:24:14,2026-09-25 00:25:15
87.121.124.53,2,2026-09-21 21:28:50,2026-09-21 21:29:50
87.2.49.100,2,2026-09-25 00:24:14,2026-09-25 00:25:15
87.218.29.249,2,2026-09-25 00:24:14,2026-09-25 00:25:15
87.237.239.175,2,2026-09-19 22:43:18,2026-09-19 22:44:19
87.244.190.41,2,2026-09-17 01:06:31,2026-09-17 01:07:32
88.135.250.112,2,2026-09-19 22:43:19,2026-09-19 22:44:20
88.147.153.172,2,2026-09-19 22:43:17,2026-09-19 22:44:18
88.156.55.166,2,2026-09-24 15:22:08,2026-09-24 15:23:17
88.160.105.234,2,2026-09-22 16:26:25,2026-09-22 16:27:26
88.165.175.234,2,2026-09-25 00:24:17,2026-09-25 00:25:17
88.170.184.187,2,2026-09-22 17:28:17,2026-09-22 17:28:18
88.187.110.64,2,2026-09-22 13:56:46,2026-09-25 01:22:35
88.188.69.173,2,2026-09-23 01:57:20,2026-09-23 01:57:42
88.203.250.187,2,2026-09-19 22:43:18,2026-09-19 22:44:19
88.241.52.40,2,2026-09-23 01:45:12,2026-09-23 01:45:13
89.146.69.120,2,2026-09-23 01:57:18,2026-09-23 01:58:17
89.147.145.101,2,2026-09-19 22:43:17,2026-09-19 22:44:18
89.151.19.15,2,2026-09-23 02:14:31,2026-09-23 02:14:32
89.188.168.31,2,2026-09-22 10:57:53,2026-09-22 10:57:54
89.188.177.18,2,2026-09-22 10:57:53,2026-09-22 10:57:54
89.204.92.104,2,2026-09-23 00:27:01,2026-09-23 00:27:02
89.211.180.13,2,2026-09-22 19:33:50,2026-09-22 19:33:51
89.222.217.50,2,2026-09-21 22:08:44,2026-09-21 22:09:44
89.39.159.146,2,2026-09-23 01:35:56,2026-09-23 01:35:57
89.93.206.166,2,2026-09-23 00:36:57,2026-09-23 00:36:58
90.142.43.34,2,2026-09-23 00:36:57,2026-09-23 00:36:58
90.154.72.133,2,2026-09-23 01:35:56,2026-09-23 01:35:57
90.188.124.137,2,2026-09-19 22:43:18,2026-09-19 22:44:19
91.106.61.33,2,2026-09-17 01:06:31,2026-09-17 01:07:32
91.196.95.205,2,2026-09-19 22:48:30,2026-09-19 22:48:30
91.200.9.83,2,2026-09-23 01:53:55,2026-09-23 01:53:56
91.213.33.119,2,2026-09-23 00:27:02,2026-09-23 00:27:03
91.220.41.105,2,2026-09-23 01:27:31,2026-09-23 01:27:32
91.222.76.28,2,2026-09-23 00:36:57,2026-09-23 00:36:58
91.228.217.51,2,2026-09-19 22:43:17,2026-09-19 22:44:17
91.232.39.55,2,2026-09-22 21:31:37,2026-09-22 21:31:38
91.234.25.213,2,2026-09-19 22:43:16,2026-09-19 22:44:17
91.236.139.22,2,2026-09-21 23:11:34,2026-09-21 23:12:35
91.80.71.180,2,2026-09-19 22:43:47,2026-09-19 22:45:05
91.90.229.235,2,2026-09-21 23:11:34,2026-09-21 23:12:34
92.115.239.231,2,2026-09-19 22:43:17,2026-09-19 22:44:17
92.118.72.194,2,2026-09-23 00:36:57,2026-09-23 00:36:58
92.241.36.138,2,2026-09-17 01:06:31,2026-09-17 01:07:34
92.44.217.133,2,2026-09-23 01:57:18,2026-09-23 01:58:17
92.62.120.134,2,2026-09-22 16:26:26,2026-09-22 16:27:26
92.96.210.112,2,2026-09-23 01:45:12,2026-09-23 01:45:13
92.97.93.240,2,2026-09-22 17:28:17,2026-09-22 17:28:18
93.103.245.107,2,2026-09-24 15:21:56,2026-09-24 15:22:57
93.139.62.40,2,2026-09-23 01:59:30,2026-09-23 02:00:30
93.146.171.200,2,2026-09-25 00:24:16,2026-09-25 00:25:17
93.156.145.184,2,2026-09-23 02:14:31,2026-09-23 02:14:32
93.157.191.212,2,2026-09-25 00:24:20,2026-09-25 00:25:25
93.170.140.123,2,2026-09-17 01:06:31,2026-09-17 01:07:34
93.171.240.93,2,2026-09-23 01:45:12,2026-09-23 01:45:13
93.171.249.32,2,2026-09-17 01:06:30,2026-09-17 01:07:31
93.34.18.52,2,2026-09-17 01:06:36,2026-09-17 01:07:36
93.70.229.136,2,2026-09-17 01:06:21,2026-09-17 01:06:21
94.137.20.203,2,2026-09-23 02:14:31,2026-09-23 02:14:32
94.158.60.48,2,2026-09-22 10:57:53,2026-09-22 10:57:54
94.181.145.83,2,2026-09-21 23:11:34,2026-09-21 23:12:34
94.33.26.75,2,2026-09-17 01:07:29,2026-09-17 01:08:29
94.51.37.162,2,2026-09-25 00:24:15,2026-09-25 00:25:15
94.77.166.141,2,2026-09-22 19:33:50,2026-09-22 19:33:51
95.10.23.90,2,2026-09-17 01:07:50,2026-09-17 01:09:13
95.139.44.152,2,2026-09-17 01:06:19,2026-09-17 01:06:19
95.158.42.72,2,2026-09-23 01:57:18,2026-09-23 01:58:17
95.158.48.224,2,2026-09-22 10:57:53,2026-09-22 10:57:54
95.170.223.46,2,2026-09-17 01:06:30,2026-09-17 01:07:31
95.25.182.220,2,2026-09-17 01:06:32,2026-09-17 01:07:36
95.25.246.245,2,2026-09-17 01:06:41,2026-09-17 01:07:46
95.32.192.98,2,2026-09-23 01:27:31,2026-09-23 01:27:32
95.32.212.79,2,2026-09-21 22:08:43,2026-09-21 22:09:43
95.37.225.166,2,2026-09-19 22:43:17,2026-09-19 22:44:18
95.46.142.116,2,2026-09-25 00:24:14,2026-09-25 00:25:15
95.46.155.224,2,2026-09-23 01:53:55,2026-09-23 01:53:56
95.47.162.60,2,2026-09-23 02:14:31,2026-09-23 02:14:32
95.58.139.185,2,2026-09-21 22:08:43,2026-09-21 22:09:44
95.93.180.194,2,2026-09-24 15:21:56,2026-09-24 15:22:57
99.251.228.196,2,2026-09-23 01:57:18,2026-09-23 01:58:17
99.45.224.192,2,2026-09-21 22:08:43,2026-09-21 22:09:45
1.187.160.60,1,2026-09-23 21:45:50,2026-09-23 21:45:50
1.187.181.100,1,2026-09-23 21:46:00,2026-09-23 21:46:00
1.187.225.36,1,2026-09-21 21:44:43,2026-09-21 21:44:43
1.2.188.157,1,2026-09-23 18:12:00,2026-09-23 18:12:00
1.38.141.169,1,2026-09-24 22:59:12,2026-09-24 22:59:12
100.19.79.45,1,2026-09-23 21:20:31,2026-09-23 21:20:31
101.0.54.133,1,2026-09-24 22:59:08,2026-09-24 22:59:08
101.108.233.239,1,2026-09-22 17:28:18,2026-09-22 17:28:18
101.51.246.152,1,2026-09-22 10:57:54,2026-09-22 10:57:54
101.51.252.172,1,2026-09-23 21:45:49,2026-09-23 21:45:49
101.53.224.4,1,2026-09-23 01:11:26,2026-09-23 01:11:26
101.53.234.113,1,2026-09-23 22:50:20,2026-09-23 22:50:20
102.0.100.88,1,2026-09-25 01:22:41,2026-09-25 01:22:41
102.0.28.188,1,2026-09-23 18:12:02,2026-09-23 18:12:02
102.0.30.24,1,2026-09-24 23:56:13,2026-09-24 23:56:13
102.0.32.250,1,2026-09-22 23:58:15,2026-09-22 23:58:15
102.107.226.10,1,2026-09-22 23:48:35,2026-09-22 23:48:35
102.117.145.0,1,2026-09-21 21:44:42,2026-09-21 21:44:42
102.129.75.99,1,2026-09-23 01:09:24,2026-09-23 01:09:24
102.129.81.20,1,2026-09-23 00:53:46,2026-09-23 00:53:46
102.129.82.119,1,2026-09-23 01:11:28,2026-09-23 01:11:28
102.130.200.57,1,2026-09-23 01:59:31,2026-09-23 01:59:31
102.131.60.213,1,2026-09-22 23:48:35,2026-09-22 23:48:35
102.132.184.124,1,2026-09-22 19:33:51,2026-09-22 19:33:51
102.132.47.183,1,2026-09-24 01:24:58,2026-09-24 01:24:58
102.135.172.50,1,2026-09-23 01:11:29,2026-09-23 01:11:29
102.135.245.111,1,2026-09-23 02:02:40,2026-09-23 02:02:40
102.138.123.108,1,2026-09-23 22:50:20,2026-09-23 22:50:20
102.141.42.190,1,2026-09-23 01:58:30,2026-09-23 01:58:30
102.141.42.201,1,2026-09-22 23:48:37,2026-09-22 23:48:37
102.141.48.46,1,2026-09-22 18:22:24,2026-09-22 18:22:24
102.142.102.57,1,2026-09-23 01:28:33,2026-09-23 01:28:33
102.157.87.60,1,2026-09-22 23:48:36,2026-09-22 23:48:36
102.176.161.41,1,2026-09-23 01:53:56,2026-09-23 01:53:56
102.178.135.153,1,2026-09-23 22:23:34,2026-09-23 22:23:34
102.178.51.112,1,2026-09-23 01:55:03,2026-09-23 01:55:03
102.178.58.123,1,2026-09-22 22:56:02,2026-09-22 22:56:02
102.179.135.38,1,2026-09-23 02:16:40,2026-09-23 02:16:40
102.179.15.30,1,2026-09-21 20:49:17,2026-09-21 20:49:17
102.179.254.22,1,2026-09-22 18:22:27,2026-09-22 18:22:27
102.18.147.169,1,2026-09-23 22:23:36,2026-09-23 22:23:36
102.180.109.236,1,2026-09-22 13:56:47,2026-09-22 13:56:47
102.180.127.14,1,2026-09-22 21:31:39,2026-09-22 21:31:39
102.180.219.120,1,2026-09-23 01:10:24,2026-09-23 01:10:24
102.180.247.52,1,2026-09-23 01:27:32,2026-09-23 01:27:32
102.180.84.5,1,2026-09-22 23:48:35,2026-09-22 23:48:35
102.182.195.4,1,2026-09-24 01:24:59,2026-09-24 01:24:59
102.202.168.186,1,2026-09-23 18:12:00,2026-09-23 18:12:00
102.203.101.253,1,2026-09-24 23:56:13,2026-09-24 23:56:13
102.203.40.17,1,2026-09-23 01:53:56,2026-09-23 01:53:56
102.204.179.254,1,2026-09-21 21:44:48,2026-09-21 21:44:48
102.204.198.187,1,2026-09-22 23:48:37,2026-09-22 23:48:37
102.204.199.158,1,2026-09-23 01:27:32,2026-09-23 01:27:32
102.205.238.27,1,2026-09-24 00:08:43,2026-09-24 00:08:43
102.205.85.156,1,2026-09-21 22:25:43,2026-09-21 22:25:43
102.206.114.188,1,2026-09-23 01:35:58,2026-09-23 01:35:58
102.206.242.92,1,2026-09-24 01:24:59,2026-09-24 01:24:59
102.206.255.35,1,2026-09-23 01:12:30,2026-09-23 01:12:30
102.206.95.143,1,2026-09-23 01:55:03,2026-09-23 01:55:03
102.206.97.62,1,2026-09-23 02:02:40,2026-09-23 02:02:40
102.207.163.75,1,2026-09-22 13:56:45,2026-09-22 13:56:45
102.207.22.248,1,2026-09-23 01:53:56,2026-09-23 01:53:56
102.207.22.99,1,2026-09-24 23:56:13,2026-09-24 23:56:13
102.208.171.166,1,2026-09-22 13:56:45,2026-09-22 13:56:45
102.208.190.254,1,2026-09-22 13:56:45,2026-09-22 13:56:45
102.208.48.35,1,2026-09-23 01:55:07,2026-09-23 01:55:07
102.208.62.240,1,2026-09-23 02:02:41,2026-09-23 02:02:41
102.208.93.114,1,2026-09-23 02:16:41,2026-09-23 02:16:41
102.209.111.219,1,2026-09-24 00:08:44,2026-09-24 00:08:44
102.209.220.15,1,2026-09-23 00:36:59,2026-09-23 00:36:59
102.209.221.202,1,2026-09-21 21:44:42,2026-09-21 21:44:42
102.209.31.151,1,2026-09-23 01:11:26,2026-09-23 01:11:26
102.210.126.17,1,2026-09-22 19:33:51,2026-09-22 19:33:51
102.210.169.104,1,2026-09-23 00:55:00,2026-09-23 00:55:00
102.210.58.44,1,2026-09-23 01:12:31,2026-09-23 01:12:31
102.211.147.39,1,2026-09-17 01:06:22,2026-09-17 01:06:22
102.211.147.47,1,2026-09-23 01:28:42,2026-09-23 01:28:42
102.211.147.7,1,2026-09-23 01:09:24,2026-09-23 01:09:24
102.211.200.60,1,2026-09-23 01:11:27,2026-09-23 01:11:27
102.212.181.73,1,2026-09-23 02:02:41,2026-09-23 02:02:41
102.212.190.46,1,2026-09-23 01:09:22,2026-09-23 01:09:22
102.212.197.184,1,2026-09-23 22:23:34,2026-09-23 22:23:34
102.212.238.137,1,2026-09-21 21:44:43,2026-09-21 21:44:43
102.213.132.135,1,2026-09-23 01:58:24,2026-09-23 01:58:24
102.213.132.82,1,2026-09-23 02:16:39,2026-09-23 02:16:39
102.213.136.147,1,2026-09-23 01:58:38,2026-09-23 01:58:38
102.213.179.93,1,2026-09-23 00:53:49,2026-09-23 00:53:49
102.213.48.178,1,2026-09-17 01:06:20,2026-09-17 01:06:20
102.213.49.142,1,2026-09-23 01:59:30,2026-09-23 01:59:30
102.214.107.145,1,2026-09-22 10:57:58,2026-09-22 10:57:58
102.214.117.123,1,2026-09-23 22:50:20,2026-09-23 22:50:20
102.215.13.190,1,2026-09-22 23:58:16,2026-09-22 23:58:16
102.216.1.162,1,2026-09-23 02:15:36,2026-09-23 02:15:36
102.216.116.82,1,2026-09-24 22:59:07,2026-09-24 22:59:07
102.217.127.106,1,2026-09-23 01:10:23,2026-09-23 01:10:23
102.217.240.170,1,2026-09-23 01:12:29,2026-09-23 01:12:29
102.217.241.159,1,2026-09-24 17:57:46,2026-09-24 17:57:46
102.217.242.157,1,2026-09-23 00:27:02,2026-09-23 00:27:02
102.217.243.190,1,2026-09-23 00:36:58,2026-09-23 00:36:58
102.217.243.51,1,2026-09-22 19:33:51,2026-09-22 19:33:51
102.217.43.65,1,2026-09-23 00:53:46,2026-09-23 00:53:46
102.218.219.16,1,2026-09-23 01:45:13,2026-09-23 01:45:13
102.219.208.90,1,2026-09-19 11:37:55,2026-09-19 11:37:55
102.219.24.12,1,2026-09-23 01:27:32,2026-09-23 01:27:32
102.219.24.92,1,2026-09-23 22:23:35,2026-09-23 22:23:35
102.219.25.250,1,2026-09-23 01:12:29,2026-09-23 01:12:29
102.219.27.135,1,2026-09-23 01:59:31,2026-09-23 01:59:31
102.219.54.113,1,2026-09-24 01:25:07,2026-09-24 01:25:07
102.22.41.3,1,2026-09-23 22:50:19,2026-09-23 22:50:19
102.221.134.151,1,2026-09-24 17:57:49,2026-09-24 17:57:49
102.221.136.21,1,2026-09-23 01:09:29,2026-09-23 01:09:29
102.221.155.48,1,2026-09-23 00:27:02,2026-09-23 00:27:02
102.221.250.175,1,2026-09-23 00:27:02,2026-09-23 00:27:02
102.221.58.206,1,2026-09-23 01:53:59,2026-09-23 01:53:59
102.221.95.244,1,2026-09-24 01:25:03,2026-09-24 01:25:03
102.23.33.203,1,2026-09-23 02:14:35,2026-09-23 02:14:35
102.23.38.194,1,2026-09-22 17:28:19,2026-09-22 17:28:19
102.251.50.0,1,2026-09-23 01:11:28,2026-09-23 01:11:28
102.253.38.15,1,2026-09-24 22:59:09,2026-09-24 22:59:09
102.253.73.15,1,2026-09-23 01:45:13,2026-09-23 01:45:13
102.254.5.0,1,2026-09-23 19:21:06,2026-09-23 19:21:06
102.254.88.39,1,2026-09-17 01:08:07,2026-09-17 01:08:07
102.32.184.126,1,2026-09-22 21:31:38,2026-09-22 21:31:38
102.32.5.229,1,2026-09-23 01:27:32,2026-09-23 01:27:32
102.38.0.117,1,2026-09-23 01:12:30,2026-09-23 01:12:30
102.38.115.244,1,2026-09-22 23:16:20,2026-09-22 23:16:20
102.38.21.9,1,2026-09-23 01:58:31,2026-09-23 01:58:31
102.38.24.28,1,2026-09-23 01:12:34,2026-09-23 01:12:34
102.64.153.222,1,2026-09-25 01:22:48,2026-09-25 01:22:48
102.64.218.196,1,2026-09-23 00:27:03,2026-09-23 00:27:03
102.66.132.161,1,2026-09-19 22:43:17,2026-09-19 22:43:17
102.66.132.220,1,2026-09-24 13:07:21,2026-09-24 13:07:21
102.66.142.82,1,2026-09-23 00:54:48,2026-09-23 00:54:48
102.66.144.34,1,2026-09-21 21:44:42,2026-09-21 21:44:42
102.66.144.74,1,2026-09-21 21:44:42,2026-09-21 21:44:42
102.66.152.72,1,2026-09-24 14:25:16,2026-09-24 14:25:16
102.66.181.50,1,2026-09-23 01:45:13,2026-09-23 01:45:13
102.66.183.254,1,2026-09-23 00:36:58,2026-09-23 00:36:58
102.66.183.69,1,2026-09-24 23:56:14,2026-09-24 23:56:14
102.66.183.82,1,2026-09-23 01:45:13,2026-09-23 01:45:13
102.66.183.97,1,2026-09-23 02:14:32,2026-09-23 02:14:32
102.66.187.118,1,2026-09-22 23:16:20,2026-09-22 23:16:20
102.67.247.206,1,2026-09-23 22:23:34,2026-09-23 22:23:34
102.67.253.0,1,2026-09-24 23:56:14,2026-09-24 23:56:14
102.68.122.220,1,2026-09-23 01:59:31,2026-09-23 01:59:31
102.68.122.249,1,2026-09-23 02:02:41,2026-09-23 02:02:41
102.68.174.134,1,2026-09-23 02:16:39,2026-09-23 02:16:39
102.68.79.115,1,2026-09-24 16:16:51,2026-09-24 16:16:51
102.68.79.155,1,2026-09-23 02:15:36,2026-09-23 02:15:36
102.69.200.37,1,2026-09-23 00:36:58,2026-09-23 00:36:58
102.88.110.153,1,2026-09-22 22:56:02,2026-09-22 22:56:02
102.88.112.142,1,2026-09-23 01:27:52,2026-09-23 01:27:52
102.88.167.48,1,2026-09-23 01:53:56,2026-09-23 01:53:56
102.89.44.205,1,2026-09-22 23:48:44,2026-09-22 23:48:44
102.89.69.235,1,2026-09-23 01:55:03,2026-09-23 01:55:03
102.90.102.119,1,2026-09-23 01:58:28,2026-09-23 01:58:28
102.90.124.250,1,2026-09-24 23:56:13,2026-09-24 23:56:13
102.90.126.67,1,2026-09-23 01:45:13,2026-09-23 01:45:13
102.91.134.251,1,2026-09-23 01:55:04,2026-09-23 01:55:04
102.91.134.31,1,2026-09-23 01:59:30,2026-09-23 01:59:30
102.91.135.152,1,2026-09-23 01:11:26,2026-09-23 01:11:26
103.100.235.139,1,2026-09-23 00:53:46,2026-09-23 00:53:46
103.100.235.40,1,2026-09-22 22:56:02,2026-09-22 22:56:02
103.103.57.188,1,2026-09-23 02:16:40,2026-09-23 02:16:40
103.104.181.1,1,2026-09-22 23:16:20,2026-09-22 23:16:20
103.105.78.163,1,2026-09-23 01:53:56,2026-09-23 01:53:56
103.107.77.107,1,2026-09-22 21:31:38,2026-09-22 21:31:38
103.110.251.95,1,2026-09-22 17:28:19,2026-09-22 17:28:19
103.111.225.225,1,2026-09-23 02:15:39,2026-09-23 02:15:39
103.112.204.15,1,2026-09-24 13:07:20,2026-09-24 13:07:20
103.112.204.67,1,2026-09-24 17:57:46,2026-09-24 17:57:46
103.113.102.0,1,2026-09-23 00:53:46,2026-09-23 00:53:46
103.114.21.109,1,2026-09-22 23:48:35,2026-09-22 23:48:35
103.114.39.109,1,2026-09-17 01:06:20,2026-09-17 01:06:20
103.114.97.100,1,2026-09-23 01:11:26,2026-09-23 01:11:26
103.115.196.29,1,2026-09-24 01:24:59,2026-09-24 01:24:59
103.115.199.128,1,2026-09-23 01:45:15,2026-09-23 01:45:15
103.116.56.80,1,2026-09-24 13:07:20,2026-09-24 13:07:20
103.116.59.67,1,2026-09-22 19:33:52,2026-09-22 19:33:52
103.120.255.227,1,2026-09-24 22:59:08,2026-09-24 22:59:08
103.120.46.2,1,2026-09-22 22:56:02,2026-09-22 22:56:02
103.121.105.112,1,2026-09-23 00:54:48,2026-09-23 00:54:48
103.121.18.24,1,2026-09-21 20:49:16,2026-09-21 20:49:16
103.121.65.157,1,2026-09-22 19:33:52,2026-09-22 19:33:52
103.121.65.196,1,2026-09-22 23:16:20,2026-09-22 23:16:20
103.121.68.137,1,2026-09-23 22:23:34,2026-09-23 22:23:34
103.121.7.16,1,2026-09-21 22:08:46,2026-09-21 22:08:46
103.121.7.83,1,2026-09-23 00:37:01,2026-09-23 00:37:01
103.124.181.3,1,2026-09-21 22:25:42,2026-09-21 22:25:42
103.124.227.1,1,2026-09-23 22:50:20,2026-09-23 22:50:20
103.124.237.42,1,2026-09-24 17:57:45,2026-09-24 17:57:45
103.124.250.25,1,2026-09-23 00:55:48,2026-09-23 00:55:48
103.124.52.34,1,2026-09-24 00:08:50,2026-09-24 00:08:50
103.124.99.240,1,2026-09-24 23:56:13,2026-09-24 23:56:13
103.124.99.250,1,2026-09-23 22:50:19,2026-09-23 22:50:19
103.125.177.218,1,2026-09-22 13:56:46,2026-09-22 13:56:46
103.126.149.99,1,2026-09-23 21:45:49,2026-09-23 21:45:49
103.126.150.107,1,2026-09-17 01:06:31,2026-09-17 01:06:31
103.126.23.167,1,2026-09-23 20:21:00,2026-09-23 20:21:00
103.127.186.250,1,2026-09-23 02:16:39,2026-09-23 02:16:39
103.127.84.190,1,2026-09-23 20:21:07,2026-09-23 20:21:07
103.130.74.185,1,2026-09-23 01:28:36,2026-09-23 01:28:36
103.132.185.210,1,2026-09-23 00:54:48,2026-09-23 00:54:48
103.133.140.186,1,2026-09-24 23:56:13,2026-09-24 23:56:13
103.133.174.213,1,2026-09-23 01:09:22,2026-09-23 01:09:22
103.133.206.113,1,2026-09-22 18:22:22,2026-09-22 18:22:22
103.134.204.104,1,2026-09-23 00:27:03,2026-09-23 00:27:03
103.134.204.216,1,2026-09-23 02:14:32,2026-09-23 02:14:32
103.134.219.232,1,2026-09-19 02:30:43,2026-09-19 02:30:43
103.134.57.115,1,2026-09-24 22:59:11,2026-09-24 22:59:11
103.135.135.160,1,2026-09-23 01:09:22,2026-09-23 01:09:22
103.135.217.101,1,2026-09-22 18:22:22,2026-09-22 18:22:22
103.135.219.139,1,2026-09-23 20:21:01,2026-09-23 20:21:01
103.135.254.137,1,2026-09-22 13:18:40,2026-09-22 13:18:40
103.136.203.30,1,2026-09-23 01:12:28,2026-09-23 01:12:28
103.136.212.187,1,2026-09-23 01:59:30,2026-09-23 01:59:30
103.136.3.232,1,2026-09-21 21:44:42,2026-09-21 21:44:42
103.136.59.197,1,2026-09-24 22:59:09,2026-09-24 22:59:09
103.138.123.227,1,2026-09-23 18:12:01,2026-09-23 18:12:01
103.138.123.68,1,2026-09-23 01:28:33,2026-09-23 01:28:33
103.138.190.125,1,2026-09-24 16:16:50,2026-09-24 16:16:50
103.140.234.162,1,2026-09-24 14:53:31,2026-09-24 14:53:31
103.141.91.42,1,2026-09-23 01:58:21,2026-09-23 01:58:21
103.142.184.141,1,2026-09-22 21:31:39,2026-09-22 21:31:39
103.145.173.210,1,2026-09-23 02:16:39,2026-09-23 02:16:39
103.145.233.114,1,2026-09-24 22:59:07,2026-09-24 22:59:07
103.147.0.85,1,2026-09-23 00:53:46,2026-09-23 00:53:46
103.147.106.121,1,2026-09-23 00:37:02,2026-09-23 00:37:02
103.148.115.52,1,2026-09-24 17:57:46,2026-09-24 17:57:46
103.148.177.102,1,2026-09-19 22:48:34,2026-09-19 22:48:34
103.148.21.55,1,2026-09-22 23:48:35,2026-09-22 23:48:35
103.148.213.84,1,2026-09-24 17:57:46,2026-09-24 17:57:46
103.149.1.104,1,2026-09-22 18:22:22,2026-09-22 18:22:22
103.150.18.174,1,2026-09-24 13:07:20,2026-09-24 13:07:20
103.151.47.146,1,2026-09-23 21:45:52,2026-09-23 21:45:52
103.151.60.186,1,2026-09-21 22:25:43,2026-09-21 22:25:43
103.152.100.11,1,2026-09-22 18:22:23,2026-09-22 18:22:23
103.152.101.240,1,2026-09-24 23:56:14,2026-09-24 23:56:14
103.152.116.121,1,2026-09-21 20:49:17,2026-09-21 20:49:17
103.153.170.59,1,2026-09-24 14:25:15,2026-09-24 14:25:15
103.153.62.88,1,2026-09-23 01:58:21,2026-09-23 01:58:21
103.154.17.148,1,2026-09-22 22:56:03,2026-09-22 22:56:03
103.155.140.105,1,2026-09-21 23:11:34,2026-09-21 23:11:34
103.155.174.9,1,2026-09-23 01:12:28,2026-09-23 01:12:28
103.155.20.132,1,2026-09-22 23:58:15,2026-09-22 23:58:15
103.156.177.129,1,2026-09-24 01:24:58,2026-09-24 01:24:58
103.156.180.31,1,2026-09-23 01:12:29,2026-09-23 01:12:29
103.156.189.12,1,2026-09-23 01:59:31,2026-09-23 01:59:31
103.156.189.226,1,2026-09-23 18:12:00,2026-09-23 18:12:00
103.156.239.159,1,2026-09-23 18:12:00,2026-09-23 18:12:00
103.157.200.222,1,2026-09-23 01:55:04,2026-09-23 01:55:04
103.157.48.87,1,2026-09-23 00:27:04,2026-09-23 00:27:04
103.157.93.214,1,2026-09-23 21:45:50,2026-09-23 21:45:50
103.157.93.215,1,2026-09-24 22:59:07,2026-09-24 22:59:07
103.158.118.207,1,2026-09-23 02:16:39,2026-09-23 02:16:39
103.158.62.195,1,2026-09-22 23:16:20,2026-09-22 23:16:20
103.158.91.39,1,2026-09-24 23:56:13,2026-09-24 23:56:13
103.159.130.152,1,2026-09-24 00:08:43,2026-09-24 00:08:43
103.159.167.42,1,2026-09-23 01:27:32,2026-09-23 01:27:32
103.159.210.14,1,2026-09-23 01:10:25,2026-09-23 01:10:25
103.159.255.148,1,2026-09-24 17:57:45,2026-09-24 17:57:45
103.16.25.15,1,2026-09-23 00:36:58,2026-09-23 00:36:58
103.16.25.162,1,2026-09-24 22:59:08,2026-09-24 22:59:08
103.16.25.163,1,2026-09-23 01:09:22,2026-09-23 01:09:22
103.16.28.54,1,2026-09-24 23:56:14,2026-09-24 23:56:14
103.16.31.206,1,2026-09-23 01:59:30,2026-09-23 01:59:30
103.161.144.8,1,2026-09-24 23:56:13,2026-09-24 23:56:13
103.161.2.77,1,2026-09-19 22:48:33,2026-09-19 22:48:33
103.161.71.8,1,2026-09-23 19:21:04,2026-09-23 19:21:04
103.162.13.197,1,2026-09-22 13:56:45,2026-09-22 13:56:45
103.162.3.25,1,2026-09-21 22:08:43,2026-09-21 22:08:43
103.164.255.145,1,2026-09-22 23:48:35,2026-09-22 23:48:35
103.165.63.54,1,2026-09-23 01:59:31,2026-09-23 01:59:31
103.166.122.125,1,2026-09-21 22:25:42,2026-09-21 22:25:42
103.166.152.191,1,2026-09-22 13:56:51,2026-09-22 13:56:51
103.166.244.229,1,2026-09-22 19:33:51,2026-09-22 19:33:51
103.166.47.247,1,2026-09-22 21:31:38,2026-09-22 21:31:38
103.166.58.209,1,2026-09-23 00:54:48,2026-09-23 00:54:48
103.167.169.53,1,2026-09-21 20:49:16,2026-09-21 20:49:16
103.167.205.70,1,2026-09-23 01:28:36,2026-09-23 01:28:36
103.167.73.34,1,2026-09-23 01:59:31,2026-09-23 01:59:31
103.168.2.117,1,2026-09-24 23:56:13,2026-09-24 23:56:13
103.168.222.145,1,2026-09-21 21:44:42,2026-09-21 21:44:42
103.168.31.191,1,2026-09-23 01:59:30,2026-09-23 01:59:30
103.168.8.113,1,2026-09-21 20:49:16,2026-09-21 20:49:16
103.170.147.34,1,2026-09-24 14:25:15,2026-09-24 14:25:15
103.170.184.63,1,2026-09-22 17:28:18,2026-09-22 17:28:18
103.170.55.62,1,2026-09-23 01:28:33,2026-09-23 01:28:33
103.170.81.65,1,2026-09-23 01:11:26,2026-09-23 01:11:26
103.170.97.16,1,2026-09-22 18:22:23,2026-09-22 18:22:23
103.171.83.237,1,2026-09-23 22:50:23,2026-09-23 22:50:23
103.173.30.137,1,2026-09-23 02:02:40,2026-09-23 02:02:40
103.174.230.188,1,2026-09-23 21:45:49,2026-09-23 21:45:49
103.177.252.28,1,2026-09-24 23:56:14,2026-09-24 23:56:14
103.178.143.245,1,2026-09-21 21:28:53,2026-09-21 21:28:53
103.178.30.139,1,2026-09-23 00:36:58,2026-09-23 00:36:58
103.178.46.94,1,2026-09-23 01:27:32,2026-09-23 01:27:32
103.178.64.240,1,2026-09-23 01:28:33,2026-09-23 01:28:33
103.178.65.20,1,2026-09-24 15:21:56,2026-09-24 15:21:56
103.179.112.93,1,2026-09-24 17:57:45,2026-09-24 17:57:45
103.179.226.207,1,2026-09-22 13:19:27,2026-09-22 13:19:27
103.18.10.120,1,2026-09-23 02:02:48,2026-09-23 02:02:48
103.18.35.94,1,2026-09-24 13:07:20,2026-09-24 13:07:20
103.180.238.36,1,2026-09-23 01:11:27,2026-09-23 01:11:27
103.180.89.163,1,2026-09-17 01:06:31,2026-09-17 01:06:31
103.181.152.18,1,2026-09-23 22:23:34,2026-09-23 22:23:34
103.181.152.182,1,2026-09-24 14:25:18,2026-09-24 14:25:18
103.183.193.210,1,2026-09-23 19:21:04,2026-09-23 19:21:04
103.184.172.79,1,2026-09-21 22:25:43,2026-09-21 22:25:43
103.184.51.250,1,2026-09-21 21:44:42,2026-09-21 21:44:42
103.184.95.13,1,2026-09-23 01:27:33,2026-09-23 01:27:33
103.185.222.16,1,2026-09-24 14:25:15,2026-09-24 14:25:15
103.185.224.24,1,2026-09-23 18:12:00,2026-09-23 18:12:00
103.187.171.103,1,2026-09-23 00:53:55,2026-09-23 00:53:55
103.187.171.55,1,2026-09-22 13:56:46,2026-09-22 13:56:46
103.188.136.21,1,2026-09-22 13:56:45,2026-09-22 13:56:45
103.189.145.37,1,2026-09-23 02:15:35,2026-09-23 02:15:35
103.189.161.64,1,2026-09-24 22:59:08,2026-09-24 22:59:08
103.190.133.5,1,2026-09-24 14:25:16,2026-09-24 14:25:16
103.190.22.34,1,2026-09-21 21:44:45,2026-09-21 21:44:45
103.190.45.200,1,2026-09-23 19:21:04,2026-09-23 19:21:04
103.190.46.88,1,2026-09-24 22:59:07,2026-09-24 22:59:07
103.190.85.79,1,2026-09-22 23:48:35,2026-09-22 23:48:35
103.190.96.134,1,2026-09-23 01:27:32,2026-09-23 01:27:32
103.197.156.3,1,2026-09-23 01:59:30,2026-09-23 01:59:30
103.197.251.63,1,2026-09-23 00:54:48,2026-09-23 00:54:48
103.199.84.178,1,2026-09-23 00:53:46,2026-09-23 00:53:46
103.201.137.31,1,2026-09-23 00:27:02,2026-09-23 00:27:02
103.203.211.227,1,2026-09-22 17:28:26,2026-09-22 17:28:26
103.203.254.13,1,2026-09-24 13:07:20,2026-09-24 13:07:20
103.204.178.76,1,2026-09-22 23:48:35,2026-09-22 23:48:35
103.204.209.129,1,2026-09-17 01:06:20,2026-09-17 01:06:20
103.205.134.14,1,2026-09-24 13:07:20,2026-09-24 13:07:20
103.205.69.109,1,2026-09-23 00:36:58,2026-09-23 00:36:58
103.205.69.99,1,2026-09-24 00:08:44,2026-09-24 00:08:44
103.207.83.172,1,2026-09-21 21:44:42,2026-09-21 21:44:42
103.211.53.223,1,2026-09-22 17:28:19,2026-09-22 17:28:19
103.212.158.203,1,2026-09-21 21:28:51,2026-09-21 21:28:51
103.214.2.114,1,2026-09-23 21:45:50,2026-09-23 21:45:50
103.215.195.100,1,2026-09-19 22:45:24,2026-09-19 22:45:24
103.217.123.66,1,2026-09-24 23:56:13,2026-09-24 23:56:13
103.217.132.49,1,2026-09-24 22:59:07,2026-09-24 22:59:07
103.22.173.59,1,2026-09-24 13:07:23,2026-09-24 13:07:23
103.223.9.180,1,2026-09-21 22:09:29,2026-09-21 22:09:29
103.226.184.138,1,2026-09-23 00:27:02,2026-09-23 00:27:02
103.226.200.243,1,2026-09-24 13:07:21,2026-09-24 13:07:21
103.229.254.238,1,2026-09-24 16:16:50,2026-09-24 16:16:50
103.237.114.4,1,2026-09-22 23:16:23,2026-09-22 23:16:23
103.238.106.115,1,2026-09-24 22:59:08,2026-09-24 22:59:08
103.238.108.181,1,2026-09-22 23:58:15,2026-09-22 23:58:15
103.239.15.40,1,2026-09-23 22:23:35,2026-09-23 22:23:35
103.240.1.10,1,2026-09-24 14:53:32,2026-09-24 14:53:32
103.240.170.74,1,2026-09-23 02:02:41,2026-09-23 02:02:41
103.240.207.103,1,2026-09-21 20:49:17,2026-09-21 20:49:17
103.240.207.92,1,2026-09-23 01:09:22,2026-09-23 01:09:22
103.240.76.139,1,2026-09-25 01:22:36,2026-09-25 01:22:36
103.240.9.20,1,2026-09-22 19:33:51,2026-09-22 19:33:51
103.242.8.58,1,2026-09-23 22:50:20,2026-09-23 22:50:20
103.243.244.10,1,2026-09-21 21:28:51,2026-09-21 21:28:51
103.243.62.210,1,2026-09-21 21:28:51,2026-09-21 21:28:51
103.243.63.42,1,2026-09-23 01:11:26,2026-09-23 01:11:26
103.244.141.99,1,2026-09-23 00:55:48,2026-09-23 00:55:48
103.244.177.164,1,2026-09-23 02:14:32,2026-09-23 02:14:32
103.244.188.63,1,2026-09-23 02:14:32,2026-09-23 02:14:32
103.248.207.148,1,2026-09-24 01:24:58,2026-09-24 01:24:58
103.248.222.123,1,2026-09-21 20:49:17,2026-09-21 20:49:17
103.248.93.10,1,2026-09-24 23:56:13,2026-09-24 23:56:13
103.251.19.4,1,2026-09-21 20:49:18,2026-09-21 20:49:18
103.251.255.115,1,2026-09-21 22:25:42,2026-09-21 22:25:42
103.252.224.49,1,2026-09-23 21:20:32,2026-09-23 21:20:32
103.253.176.109,1,2026-09-22 18:22:22,2026-09-22 18:22:22
103.255.220.249,1,2026-09-23 01:55:07,2026-09-23 01:55:07
103.255.7.203,1,2026-09-23 00:36:59,2026-09-23 00:36:59
103.29.239.135,1,2026-09-23 01:27:32,2026-09-23 01:27:32
103.31.178.42,1,2026-09-22 13:56:45,2026-09-22 13:56:45
103.36.8.22,1,2026-09-22 19:33:51,2026-09-22 19:33:51
103.41.114.107,1,2026-09-24 00:08:43,2026-09-24 00:08:43
103.41.98.137,1,2026-09-23 22:23:34,2026-09-23 22:23:34
103.43.94.8,1,2026-09-22 21:31:40,2026-09-22 21:31:40
103.44.2.43,1,2026-09-24 23:56:14,2026-09-24 23:56:14
103.46.187.244,1,2026-09-23 01:53:56,2026-09-23 01:53:56
103.46.202.123,1,2026-09-23 00:27:02,2026-09-23 00:27:02
103.50.78.127,1,2026-09-24 13:07:21,2026-09-24 13:07:21
103.51.53.39,1,2026-09-24 17:57:47,2026-09-24 17:57:47
103.52.0.156,1,2026-09-23 00:53:46,2026-09-23 00:53:46
103.52.31.243,1,2026-09-22 22:56:03,2026-09-22 22:56:03
103.54.109.225,1,2026-09-19 11:37:53,2026-09-19 11:37:53
103.58.74.74,1,2026-09-23 22:50:19,2026-09-23 22:50:19
103.59.206.109,1,2026-09-24 01:24:59,2026-09-24 01:24:59
103.59.206.63,1,2026-09-23 00:54:48,2026-09-23 00:54:48
103.59.207.153,1,2026-09-23 21:20:40,2026-09-23 21:20:40
103.6.157.215,1,2026-09-23 01:09:22,2026-09-23 01:09:22
103.61.150.11,1,2026-09-23 21:45:50,2026-09-23 21:45:50
103.61.240.182,1,2026-09-23 22:23:35,2026-09-23 22:23:35
103.65.134.113,1,2026-09-22 23:16:20,2026-09-22 23:16:20
103.65.134.130,1,2026-09-23 01:11:28,2026-09-23 01:11:28
103.65.30.133,1,2026-09-23 01:11:26,2026-09-23 01:11:26
103.66.209.190,1,2026-09-23 22:50:28,2026-09-23 22:50:28
103.70.156.93,1,2026-09-22 23:58:15,2026-09-22 23:58:15
103.72.1.93,1,2026-09-24 13:07:21,2026-09-24 13:07:21
103.72.84.60,1,2026-09-23 00:54:50,2026-09-23 00:54:50
103.73.101.85,1,2026-09-23 21:45:49,2026-09-23 21:45:49
103.75.139.28,1,2026-09-17 01:06:21,2026-09-17 01:06:21
103.76.241.69,1,2026-09-23 21:45:49,2026-09-23 21:45:49
103.76.241.87,1,2026-09-24 14:53:31,2026-09-24 14:53:31
103.77.101.82,1,2026-09-22 22:56:02,2026-09-22 22:56:02
103.77.138.157,1,2026-09-23 01:53:56,2026-09-23 01:53:56
103.78.170.131,1,2026-09-23 00:27:04,2026-09-23 00:27:04
103.78.254.222,1,2026-09-24 13:07:20,2026-09-24 13:07:20
103.80.116.40,1,2026-09-24 23:56:13,2026-09-24 23:56:13
103.81.93.27,1,2026-09-23 21:45:49,2026-09-23 21:45:49
103.83.148.31,1,2026-09-22 13:56:45,2026-09-22 13:56:45
103.83.164.49,1,2026-09-23 01:10:23,2026-09-23 01:10:23
103.83.189.188,1,2026-09-22 10:57:54,2026-09-22 10:57:54
103.83.207.42,1,2026-09-24 16:16:51,2026-09-24 16:16:51
103.84.198.100,1,2026-09-24 15:22:17,2026-09-24 15:22:17
103.84.198.113,1,2026-09-23 18:12:00,2026-09-23 18:12:00
103.88.237.114,1,2026-09-21 22:25:42,2026-09-21 22:25:42
103.91.129.15,1,2026-09-17 01:06:19,2026-09-17 01:06:19
103.91.162.240,1,2026-09-21 21:28:50,2026-09-21 21:28:50
103.92.152.91,1,2026-09-23 00:54:52,2026-09-23 00:54:52
103.92.41.38,1,2026-09-22 23:16:20,2026-09-22 23:16:20
103.93.13.19,1,2026-09-21 22:25:50,2026-09-21 22:25:50
103.93.179.26,1,2026-09-23 01:53:56,2026-09-23 01:53:56
103.93.179.7,1,2026-09-24 23:56:13,2026-09-24 23:56:13
103.95.164.157,1,2026-09-23 01:10:23,2026-09-23 01:10:23
103.95.165.36,1,2026-09-23 01:12:29,2026-09-23 01:12:29
103.96.105.148,1,2026-09-24 15:21:55,2026-09-24 15:21:55
103.96.106.186,1,2026-09-21 21:44:42,2026-09-21 21:44:42
103.98.38.129,1,2026-09-23 01:12:28,2026-09-23 01:12:28
104.137.49.212,1,2026-09-23 01:28:39,2026-09-23 01:28:39
104.15.2.186,1,2026-09-17 01:06:37,2026-09-17 01:06:37
104.189.65.102,1,2026-09-24 13:07:25,2026-09-24 13:07:25
104.243.49.186,1,2026-09-23 01:12:30,2026-09-23 01:12:30
104.28.163.99,1,2026-09-17 01:02:45,2026-09-17 01:02:45
104.49.243.81,1,2026-09-17 01:06:37,2026-09-17 01:06:37
105.101.36.5,1,2026-09-24 01:24:58,2026-09-24 01:24:58
105.104.178.145,1,2026-09-24 00:08:44,2026-09-24 00:08:44
105.107.167.194,1,2026-09-22 22:56:02,2026-09-22 22:56:02
105.113.121.103,1,2026-09-23 02:16:39,2026-09-23 02:16:39
105.113.121.184,1,2026-09-22 23:58:15,2026-09-22 23:58:15
105.113.121.47,1,2026-09-22 13:18:41,2026-09-22 13:18:41
105.155.110.252,1,2026-09-23 02:02:40,2026-09-23 02:02:40
105.155.158.128,1,2026-09-23 01:53:56,2026-09-23 01:53:56
105.156.92.35,1,2026-09-23 01:53:56,2026-09-23 01:53:56
105.159.19.110,1,2026-09-23 01:27:32,2026-09-23 01:27:32
105.165.194.129,1,2026-09-23 02:16:39,2026-09-23 02:16:39
105.165.37.186,1,2026-09-23 00:53:46,2026-09-23 00:53:46
105.168.123.65,1,2026-09-22 17:28:24,2026-09-22 17:28:24
105.168.150.160,1,2026-09-23 01:11:27,2026-09-23 01:11:27
105.168.166.94,1,2026-09-23 02:14:32,2026-09-23 02:14:32
105.168.167.230,1,2026-09-23 01:59:31,2026-09-23 01:59:31
105.168.175.106,1,2026-09-22 23:48:35,2026-09-22 23:48:35
105.168.182.144,1,2026-09-23 22:50:20,2026-09-23 22:50:20
105.168.205.133,1,2026-09-23 01:12:29,2026-09-23 01:12:29
105.168.234.135,1,2026-09-23 22:50:23,2026-09-23 22:50:23
105.168.49.122,1,2026-09-17 01:06:19,2026-09-17 01:06:19
105.168.8.196,1,2026-09-23 01:27:34,2026-09-23 01:27:34
105.168.97.156,1,2026-09-17 01:06:34,2026-09-17 01:06:34
105.172.190.18,1,2026-09-23 01:59:41,2026-09-23 01:59:41
105.172.206.224,1,2026-09-23 01:45:14,2026-09-23 01:45:14
105.172.211.119,1,2026-09-23 01:12:31,2026-09-23 01:12:31
105.172.236.195,1,2026-09-23 01:58:35,2026-09-23 01:58:35
105.174.54.142,1,2026-09-21 21:28:50,2026-09-21 21:28:50
105.185.154.242,1,2026-09-23 01:58:21,2026-09-23 01:58:21
105.186.12.85,1,2026-09-24 23:56:13,2026-09-24 23:56:13
105.188.78.90,1,2026-09-17 01:06:24,2026-09-17 01:06:24
105.213.97.133,1,2026-09-24 00:08:46,2026-09-24 00:08:46
105.214.96.28,1,2026-09-17 01:06:36,2026-09-17 01:06:36
105.216.83.201,1,2026-09-23 01:59:31,2026-09-23 01:59:31
105.233.192.36,1,2026-09-24 13:07:20,2026-09-24 13:07:20
105.242.189.137,1,2026-09-23 21:45:50,2026-09-23 21:45:50
105.245.122.178,1,2026-09-23 01:45:13,2026-09-23 01:45:13
105.246.82.49,1,2026-09-24 13:07:20,2026-09-24 13:07:20
105.29.172.4,1,2026-09-23 01:12:30,2026-09-23 01:12:30
105.66.4.122,1,2026-09-23 22:23:36,2026-09-23 22:23:36
105.77.205.17,1,2026-09-23 01:29:17,2026-09-23 01:29:17
105.99.153.77,1,2026-09-23 01:12:28,2026-09-23 01:12:28
105.99.231.160,1,2026-09-23 01:59:30,2026-09-23 01:59:30
106.0.40.105,1,2026-09-22 10:57:54,2026-09-22 10:57:54
106.0.59.22,1,2026-09-23 22:23:34,2026-09-23 22:23:34
106.192.14.145,1,2026-09-23 00:54:51,2026-09-23 00:54:51
106.192.198.60,1,2026-09-23 00:54:48,2026-09-23 00:54:48
106.192.230.69,1,2026-09-23 01:10:25,2026-09-23 01:10:25
106.200.235.59,1,2026-09-23 01:45:13,2026-09-23 01:45:13
106.200.3.90,1,2026-09-21 20:49:17,2026-09-21 20:49:17
106.200.4.17,1,2026-09-22 10:57:55,2026-09-22 10:57:55
106.210.97.108,1,2026-09-23 02:03:18,2026-09-23 02:03:18
106.213.87.170,1,2026-09-23 18:12:01,2026-09-23 18:12:01
106.214.3.205,1,2026-09-24 13:07:21,2026-09-24 13:07:21
106.214.8.218,1,2026-09-22 10:57:57,2026-09-22 10:57:57
106.214.8.98,1,2026-09-21 23:11:34,2026-09-21 23:11:34
106.215.137.245,1,2026-09-21 23:11:34,2026-09-21 23:11:34
106.215.152.151,1,2026-09-24 01:24:59,2026-09-24 01:24:59
106.215.162.77,1,2026-09-24 13:07:21,2026-09-24 13:07:21
106.215.171.125,1,2026-09-17 01:06:21,2026-09-17 01:06:21
106.216.106.105,1,2026-09-24 00:08:51,2026-09-24 00:08:51
106.219.120.194,1,2026-09-23 01:10:24,2026-09-23 01:10:24
106.219.124.57,1,2026-09-21 21:28:51,2026-09-21 21:28:51
106.219.144.252,1,2026-09-21 21:44:42,2026-09-21 21:44:42
106.219.146.8,1,2026-09-22 13:56:45,2026-09-22 13:56:45
106.219.147.137,1,2026-09-22 23:48:38,2026-09-22 23:48:38
106.219.151.168,1,2026-09-21 22:25:46,2026-09-21 22:25:46
106.219.161.255,1,2026-09-23 01:53:57,2026-09-23 01:53:57
106.219.162.48,1,2026-09-24 23:56:14,2026-09-24 23:56:14
106.219.166.208,1,2026-09-22 23:16:22,2026-09-22 23:16:22
106.219.181.38,1,2026-09-22 23:48:35,2026-09-22 23:48:35
106.219.206.190,1,2026-09-23 21:45:56,2026-09-23 21:45:56
106.219.218.27,1,2026-09-24 13:07:21,2026-09-24 13:07:21
106.219.226.237,1,2026-09-21 20:49:17,2026-09-21 20:49:17
106.219.248.190,1,2026-09-25 01:22:39,2026-09-25 01:22:39
106.219.64.211,1,2026-09-22 23:48:35,2026-09-22 23:48:35
106.219.68.140,1,2026-09-23 00:27:03,2026-09-23 00:27:03
106.219.71.65,1,2026-09-22 23:16:20,2026-09-22 23:16:20
106.221.247.88,1,2026-09-23 22:23:34,2026-09-23 22:23:34
106.221.73.253,1,2026-09-24 14:25:19,2026-09-24 14:25:19
106.222.209.71,1,2026-09-22 23:48:35,2026-09-22 23:48:35
106.222.211.219,1,2026-09-23 19:21:05,2026-09-23 19:21:05
106.222.215.132,1,2026-09-23 00:53:48,2026-09-23 00:53:48
106.222.216.122,1,2026-09-22 23:16:20,2026-09-22 23:16:20
106.222.231.241,1,2026-09-22 23:16:20,2026-09-22 23:16:20
106.222.234.234,1,2026-09-17 01:06:49,2026-09-17 01:06:49
106.51.215.65,1,2026-09-24 14:25:16,2026-09-24 14:25:16
106.67.188.0,1,2026-09-24 14:25:37,2026-09-24 14:25:37
106.76.79.140,1,2026-09-23 00:53:46,2026-09-23 00:53:46
107.10.213.38,1,2026-09-23 01:45:13,2026-09-23 01:45:13
107.145.166.236,1,2026-09-23 01:28:33,2026-09-23 01:28:33
107.179.197.177,1,2026-09-23 01:45:13,2026-09-23 01:45:13
107.207.83.240,1,2026-09-24 22:59:07,2026-09-24 22:59:07
107.217.10.114,1,2026-09-23 00:53:46,2026-09-23 00:53:46
108.18.235.224,1,2026-09-23 00:54:48,2026-09-23 00:54:48
108.41.8.145,1,2026-09-23 18:12:00,2026-09-23 18:12:00
108.50.148.153,1,2026-09-23 00:54:48,2026-09-23 00:54:48
108.64.224.246,1,2026-09-22 10:57:55,2026-09-22 10:57:55
108.67.210.137,1,2026-09-22 19:33:52,2026-09-22 19:33:52
109.107.225.64,1,2026-09-23 20:21:03,2026-09-23 20:21:03
109.107.228.12,1,2026-09-22 23:48:39,2026-09-22 23:48:39
109.107.242.100,1,2026-09-23 00:53:46,2026-09-23 00:53:46
109.163.173.72,1,2026-09-23 21:45:50,2026-09-23 21:45:50
109.174.52.46,1,2026-09-23 00:27:02,2026-09-23 00:27:02
109.175.187.236,1,2026-09-23 01:12:28,2026-09-23 01:12:28
109.175.98.174,1,2026-09-23 01:09:30,2026-09-23 01:09:30
109.185.104.142,1,2026-09-24 01:24:58,2026-09-24 01:24:58
109.185.254.57,1,2026-09-23 00:55:48,2026-09-23 00:55:48
109.191.13.91,1,2026-09-23 02:02:40,2026-09-23 02:02:40
109.197.31.154,1,2026-09-21 21:44:42,2026-09-21 21:44:42
109.229.103.183,1,2026-09-23 02:02:40,2026-09-23 02:02:40
109.229.28.119,1,2026-09-21 21:44:42,2026-09-21 21:44:42
109.236.44.200,1,2026-09-23 01:10:23,2026-09-23 01:10:23
109.248.193.93,1,2026-09-22 19:33:51,2026-09-22 19:33:51
109.248.253.66,1,2026-09-23 01:53:56,2026-09-23 01:53:56
109.60.166.240,1,2026-09-24 23:56:13,2026-09-24 23:56:13
109.61.206.1,1,2026-09-23 22:23:34,2026-09-23 22:23:34
109.76.53.177,1,2026-09-23 01:11:26,2026-09-23 01:11:26
109.78.88.103,1,2026-09-25 01:22:36,2026-09-25 01:22:36
109.85.234.249,1,2026-09-22 13:56:45,2026-09-22 13:56:45
109.86.1.49,1,2026-09-22 13:56:44,2026-09-22 13:56:44
109.92.158.130,1,2026-09-21 22:26:05,2026-09-21 22:26:05
109.95.54.212,1,2026-09-23 01:55:03,2026-09-23 01:55:03
110.172.30.130,1,2026-09-22 13:56:45,2026-09-22 13:56:45
110.226.207.94,1,2026-09-23 01:45:13,2026-09-23 01:45:13
110.235.239.36,1,2026-09-22 10:57:54,2026-09-22 10:57:54
110.38.12.107,1,2026-09-24 17:57:45,2026-09-24 17:57:45
110.38.15.44,1,2026-09-23 22:50:21,2026-09-23 22:50:21
110.77.167.181,1,2026-09-25 01:22:35,2026-09-25 01:22:35
110.78.183.81,1,2026-09-19 11:37:53,2026-09-19 11:37:53
110.93.87.79,1,2026-09-23 22:50:19,2026-09-23 22:50:19
111.119.34.7,1,2026-09-23 02:16:39,2026-09-23 02:16:39
111.119.35.91,1,2026-09-23 22:50:19,2026-09-23 22:50:19
111.119.38.151,1,2026-09-24 01:24:59,2026-09-24 01:24:59
111.119.38.173,1,2026-09-22 18:22:22,2026-09-22 18:22:22
111.119.38.214,1,2026-09-21 21:44:42,2026-09-21 21:44:42
111.223.26.137,1,2026-09-22 13:18:43,2026-09-22 13:18:43
111.223.27.216,1,2026-09-21 21:44:43,2026-09-21 21:44:43
111.235.67.49,1,2026-09-23 22:50:22,2026-09-23 22:50:22
111.92.131.110,1,2026-09-23 21:20:32,2026-09-23 21:20:32
111.92.151.61,1,2026-09-23 01:27:32,2026-09-23 01:27:32
111.92.153.252,1,2026-09-23 02:02:41,2026-09-23 02:02:41
112.135.96.37,1,2026-09-23 01:11:26,2026-09-23 01:11:26
112.200.165.63,1,2026-09-21 21:28:50,2026-09-21 21:28:50
112.201.133.225,1,2026-09-22 19:33:51,2026-09-22 19:33:51
112.201.187.172,1,2026-09-22 19:33:51,2026-09-22 19:33:51
112.201.190.141,1,2026-09-24 22:59:07,2026-09-24 22:59:07
112.201.240.159,1,2026-09-23 01:53:56,2026-09-23 01:53:56
112.202.107.120,1,2026-09-24 14:25:46,2026-09-24 14:25:46
112.203.132.210,1,2026-09-22 23:16:20,2026-09-22 23:16:20
112.204.162.196,1,2026-09-22 19:33:54,2026-09-22 19:33:54
112.204.213.62,1,2026-09-19 11:37:53,2026-09-19 11:37:53
112.205.131.244,1,2026-09-23 21:45:49,2026-09-23 21:45:49
112.207.212.136,1,2026-09-23 19:21:04,2026-09-23 19:21:04
112.208.234.167,1,2026-09-23 02:02:40,2026-09-23 02:02:40
112.209.165.177,1,2026-09-23 22:23:33,2026-09-23 22:23:33
112.209.178.216,1,2026-09-22 19:33:55,2026-09-22 19:33:55
112.209.18.100,1,2026-09-24 13:07:20,2026-09-24 13:07:20
112.209.59.129,1,2026-09-21 21:44:42,2026-09-21 21:44:42
112.209.75.29,1,2026-09-23 02:16:39,2026-09-23 02:16:39
112.79.74.8,1,2026-09-24 22:59:07,2026-09-24 22:59:07
112.87.60.117,1,2026-09-24 17:57:47,2026-09-24 17:57:47
113.182.181.76,1,2026-09-24 01:25:01,2026-09-24 01:25:01
113.211.115.219,1,2026-09-23 00:54:48,2026-09-23 00:54:48
113.211.212.120,1,2026-09-23 01:35:57,2026-09-23 01:35:57
113.211.212.160,1,2026-09-23 02:02:40,2026-09-23 02:02:40
113.211.213.149,1,2026-09-23 02:14:32,2026-09-23 02:14:32
114.10.43.154,1,2026-09-21 21:28:51,2026-09-21 21:28:51
114.12.18.173,1,2026-09-22 13:56:45,2026-09-22 13:56:45
114.12.29.224,1,2026-09-22 23:58:15,2026-09-22 23:58:15
114.232.63.182,1,2026-09-22 23:58:15,2026-09-22 23:58:15
114.29.234.237,1,2026-09-23 01:53:57,2026-09-23 01:53:57
115.135.124.192,1,2026-09-23 21:45:49,2026-09-23 21:45:49
115.135.197.239,1,2026-09-24 22:59:08,2026-09-24 22:59:08
115.135.66.183,1,2026-09-21 21:44:42,2026-09-21 21:44:42
115.76.54.208,1,2026-09-23 02:02:41,2026-09-23 02:02:41
115.96.218.240,1,2026-09-23 00:27:02,2026-09-23 00:27:02
116.104.171.31,1,2026-09-19 22:48:31,2026-09-19 22:48:31
116.193.141.105,1,2026-09-23 01:27:32,2026-09-23 01:27:32
116.204.151.103,1,2026-09-23 21:20:31,2026-09-23 21:20:31
116.204.166.234,1,2026-09-22 13:56:45,2026-09-22 13:56:45
116.206.156.142,1,2026-09-22 23:58:15,2026-09-22 23:58:15
116.206.193.55,1,2026-09-23 01:27:32,2026-09-23 01:27:32
116.206.193.84,1,2026-09-23 21:45:49,2026-09-23 21:45:49
116.72.51.133,1,2026-09-23 01:28:33,2026-09-23 01:28:33
116.91.209.123,1,2026-09-22 19:33:53,2026-09-22 19:33:53
116.96.45.156,1,2026-09-17 00:23:30,2026-09-17 00:23:30
116.96.77.119,1,2026-09-21 21:44:42,2026-09-21 21:44:42
116.98.248.247,1,2026-09-17 01:02:37,2026-09-17 01:02:37
117.198.12.10,1,2026-09-24 13:07:20,2026-09-24 13:07:20
117.203.14.159,1,2026-09-23 01:59:32,2026-09-23 01:59:32
117.206.21.175,1,2026-09-23 22:23:34,2026-09-23 22:23:34
117.211.57.176,1,2026-09-21 21:44:43,2026-09-21 21:44:43
117.216.101.74,1,2026-09-22 23:16:20,2026-09-22 23:16:20
117.216.144.24,1,2026-09-23 02:16:44,2026-09-23 02:16:44
117.219.147.200,1,2026-09-22 13:56:46,2026-09-22 13:56:46
117.220.32.164,1,2026-09-23 22:50:30,2026-09-23 22:50:30
117.231.194.183,1,2026-09-19 22:43:25,2026-09-19 22:43:25
117.235.105.217,1,2026-09-23 01:28:33,2026-09-23 01:28:33
117.241.194.182,1,2026-09-23 21:45:50,2026-09-23 21:45:50
117.242.38.29,1,2026-09-22 23:58:15,2026-09-22 23:58:15
117.242.57.164,1,2026-09-23 01:28:33,2026-09-23 01:28:33
117.253.214.209,1,2026-09-22 13:56:45,2026-09-22 13:56:45
117.255.100.143,1,2026-09-22 23:58:15,2026-09-22 23:58:15
117.96.40.93,1,2026-09-22 23:16:20,2026-09-22 23:16:20
118.103.138.246,1,2026-09-21 21:44:42,2026-09-21 21:44:42
118.103.228.115,1,2026-09-22 23:48:35,2026-09-22 23:48:35
118.69.110.247,1,2026-09-25 00:29:47,2026-09-25 00:29:47
118.99.110.184,1,2026-09-19 11:37:53,2026-09-19 11:37:53
119.10.175.122,1,2026-09-22 10:57:54,2026-09-22 10:57:54
119.13.157.207,1,2026-09-24 13:07:20,2026-09-24 13:07:20
119.154.66.187,1,2026-09-23 02:16:39,2026-09-23 02:16:39
119.156.96.155,1,2026-09-23 00:27:02,2026-09-23 00:27:02
119.157.65.5,1,2026-09-22 18:22:24,2026-09-22 18:22:24
119.157.66.19,1,2026-09-23 01:12:28,2026-09-23 01:12:28
119.157.83.230,1,2026-09-24 14:53:32,2026-09-24 14:53:32
119.73.101.12,1,2026-09-24 22:59:07,2026-09-24 22:59:07
119.92.148.221,1,2026-09-22 23:48:36,2026-09-22 23:48:36
119.94.114.131,1,2026-09-23 01:27:32,2026-09-23 01:27:32
119.94.195.148,1,2026-09-23 01:12:28,2026-09-23 01:12:28
120.28.131.2,1,2026-09-22 13:56:45,2026-09-22 13:56:45
120.29.109.209,1,2026-09-23 21:20:34,2026-09-23 21:20:34
121.101.130.217,1,2026-09-21 21:44:42,2026-09-21 21:44:42
121.168.22.71,1,2026-09-24 17:57:46,2026-09-24 17:57:46
122.152.52.152,1,2026-09-24 14:53:31,2026-09-24 14:53:31
122.154.129.2,1,2026-09-23 18:12:00,2026-09-23 18:12:00
122.161.242.49,1,2026-09-22 23:48:35,2026-09-22 23:48:35
122.161.50.81,1,2026-09-22 23:58:16,2026-09-22 23:58:16
122.161.51.178,1,2026-09-22 23:16:20,2026-09-22 23:16:20
122.161.66.44,1,2026-09-22 23:48:35,2026-09-22 23:48:35
122.161.75.138,1,2026-09-23 01:10:23,2026-09-23 01:10:23
122.162.145.82,1,2026-09-24 01:24:59,2026-09-24 01:24:59
122.162.148.247,1,2026-09-23 21:45:50,2026-09-23 21:45:50
122.163.215.25,1,2026-09-23 01:28:36,2026-09-23 01:28:36
122.163.247.4,1,2026-09-24 23:56:14,2026-09-24 23:56:14
122.168.5.156,1,2026-09-24 14:25:16,2026-09-24 14:25:16
122.168.6.87,1,2026-09-21 21:44:42,2026-09-21 21:44:42
122.170.199.16,1,2026-09-23 01:28:33,2026-09-23 01:28:33
122.172.83.26,1,2026-09-24 22:59:07,2026-09-24 22:59:07
122.173.26.87,1,2026-09-24 13:07:21,2026-09-24 13:07:21
122.173.31.116,1,2026-09-21 21:44:42,2026-09-21 21:44:42
122.179.206.160,1,2026-09-24 13:07:21,2026-09-24 13:07:21
122.183.32.230,1,2026-09-23 01:09:22,2026-09-23 01:09:22
122.183.33.92,1,2026-09-22 19:33:51,2026-09-22 19:33:51
122.183.37.173,1,2026-09-23 00:27:02,2026-09-23 00:27:02
122.183.39.61,1,2026-09-22 17:28:18,2026-09-22 17:28:18
122.183.41.243,1,2026-09-24 23:56:15,2026-09-24 23:56:15
122.183.42.250,1,2026-09-21 21:44:42,2026-09-21 21:44:42
122.183.42.35,1,2026-09-22 17:28:18,2026-09-22 17:28:18
122.183.48.59,1,2026-09-23 21:45:51,2026-09-23 21:45:51
122.183.58.119,1,2026-09-19 11:37:53,2026-09-19 11:37:53
122.183.58.215,1,2026-09-23 01:27:34,2026-09-23 01:27:34
122.2.101.109,1,2026-09-21 21:44:42,2026-09-21 21:44:42
122.238.151.36,1,2026-09-22 22:56:02,2026-09-22 22:56:02
122.50.10.119,1,2026-09-22 18:22:22,2026-09-22 18:22:22
122.52.170.190,1,2026-09-17 01:06:37,2026-09-17 01:06:37
122.54.89.60,1,2026-09-22 19:33:54,2026-09-22 19:33:54
123.110.162.72,1,2026-09-21 21:28:53,2026-09-21 21:28:53
123.201.2.4,1,2026-09-23 21:45:49,2026-09-23 21:45:49
123.202.148.217,1,2026-09-23 02:16:39,2026-09-23 02:16:39
123.231.86.29,1,2026-09-24 14:25:24,2026-09-24 14:25:24
124.123.127.112,1,2026-09-23 01:12:29,2026-09-23 01:12:29
124.13.193.211,1,2026-09-24 01:24:59,2026-09-24 01:24:59
124.217.6.186,1,2026-09-22 17:28:19,2026-09-22 17:28:19
124.253.0.232,1,2026-09-24 13:07:40,2026-09-24 13:07:40
124.83.50.33,1,2026-09-23 19:21:06,2026-09-23 19:21:06
125.163.111.119,1,2026-09-22 23:58:15,2026-09-22 23:58:15
125.235.237.139,1,2026-09-23 01:53:57,2026-09-23 01:53:57
125.27.70.162,1,2026-09-24 13:07:22,2026-09-24 13:07:22
125.62.119.1,1,2026-09-24 13:07:21,2026-09-24 13:07:21
126.209.107.207,1,2026-09-23 21:20:32,2026-09-23 21:20:32
126.209.84.82,1,2026-09-24 14:25:16,2026-09-24 14:25:16
128.201.0.166,1,2026-09-23 21:20:33,2026-09-23 21:20:33
128.201.156.69,1,2026-09-23 01:35:57,2026-09-23 01:35:57
128.201.158.229,1,2026-09-23 00:27:02,2026-09-23 00:27:02
128.201.54.135,1,2026-09-23 02:02:40,2026-09-23 02:02:40
128.201.76.123,1,2026-09-23 01:13:04,2026-09-23 01:13:04
128.65.59.81,1,2026-09-22 23:48:35,2026-09-22 23:48:35
128.79.155.75,1,2026-09-23 18:12:00,2026-09-23 18:12:00
129.122.141.88,1,2026-09-23 02:14:33,2026-09-23 02:14:33
129.122.145.8,1,2026-09-23 02:02:41,2026-09-23 02:02:41
129.122.157.19,1,2026-09-22 23:16:26,2026-09-22 23:16:26
129.122.207.217,1,2026-09-23 00:53:47,2026-09-23 00:53:47
129.122.228.46,1,2026-09-23 01:11:27,2026-09-23 01:11:27
129.122.239.249,1,2026-09-23 01:55:04,2026-09-23 01:55:04
129.205.24.190,1,2026-09-23 01:53:58,2026-09-23 01:53:58
129.222.147.128,1,2026-09-23 02:16:41,2026-09-23 02:16:41
129.222.187.193,1,2026-09-23 01:09:23,2026-09-23 01:09:23
129.222.64.134,1,2026-09-24 14:53:34,2026-09-24 14:53:34
129.224.215.65,1,2026-09-23 01:35:58,2026-09-23 01:35:58
130.250.228.153,1,2026-09-24 01:24:59,2026-09-24 01:24:59
131.0.163.182,1,2026-09-22 17:28:18,2026-09-22 17:28:18
131.0.189.4,1,2026-09-22 22:56:02,2026-09-22 22:56:02
131.0.200.221,1,2026-09-25 01:22:36,2026-09-25 01:22:36
131.0.203.150,1,2026-09-22 21:31:38,2026-09-22 21:31:38
131.0.205.229,1,2026-09-23 18:12:00,2026-09-23 18:12:00
131.100.17.19,1,2026-09-23 21:45:50,2026-09-23 21:45:50
131.100.207.8,1,2026-09-24 16:16:52,2026-09-24 16:16:52
131.100.212.173,1,2026-09-24 00:08:43,2026-09-24 00:08:43
131.100.247.235,1,2026-09-23 01:09:22,2026-09-23 01:09:22
131.100.46.193,1,2026-09-23 21:20:31,2026-09-23 21:20:31
131.100.63.232,1,2026-09-23 02:16:39,2026-09-23 02:16:39
131.108.149.192,1,2026-09-25 01:22:37,2026-09-25 01:22:37
131.108.221.184,1,2026-09-23 01:10:32,2026-09-23 01:10:32
131.108.67.236,1,2026-09-24 01:24:59,2026-09-24 01:24:59
131.108.86.140,1,2026-09-22 21:31:38,2026-09-22 21:31:38
131.161.118.57,1,2026-09-19 11:37:59,2026-09-19 11:37:59
131.161.218.27,1,2026-09-24 14:53:31,2026-09-24 14:53:31
131.161.64.175,1,2026-09-23 18:12:02,2026-09-23 18:12:02
131.196.133.166,1,2026-09-23 01:53:56,2026-09-23 01:53:56
131.196.162.182,1,2026-09-23 02:15:36,2026-09-23 02:15:36
131.196.204.246,1,2026-09-23 01:35:58,2026-09-23 01:35:58
131.196.205.247,1,2026-09-21 20:49:17,2026-09-21 20:49:17
131.196.205.248,1,2026-09-23 01:55:04,2026-09-23 01:55:04
131.196.43.82,1,2026-09-23 01:10:26,2026-09-23 01:10:26
131.221.188.162,1,2026-09-23 01:58:21,2026-09-23 01:58:21
131.221.194.85,1,2026-09-23 21:20:31,2026-09-23 21:20:31
131.221.222.192,1,2026-09-22 13:56:44,2026-09-22 13:56:44
131.221.56.216,1,2026-09-24 15:21:57,2026-09-24 15:21:57
131.221.64.96,1,2026-09-23 01:59:34,2026-09-23 01:59:34
131.221.85.195,1,2026-09-22 19:33:52,2026-09-22 19:33:52
131.221.89.1,1,2026-09-23 00:55:49,2026-09-23 00:55:49
131.255.118.7,1,2026-09-22 18:22:22,2026-09-22 18:22:22
131.255.133.9,1,2026-09-23 21:20:31,2026-09-23 21:20:31
131.255.203.123,1,2026-09-23 02:15:36,2026-09-23 02:15:36
131.255.203.34,1,2026-09-25 01:22:36,2026-09-25 01:22:36
131.255.203.78,1,2026-09-23 01:35:57,2026-09-23 01:35:57
131.255.206.36,1,2026-09-24 14:53:31,2026-09-24 14:53:31
131.255.45.198,1,2026-09-24 22:59:09,2026-09-24 22:59:09
131.72.147.146,1,2026-09-23 01:55:04,2026-09-23 01:55:04
131.72.169.8,1,2026-09-23 01:27:32,2026-09-23 01:27:32
131.72.198.146,1,2026-09-19 11:37:53,2026-09-19 11:37:53
131.72.87.74,1,2026-09-23 00:27:02,2026-09-23 00:27:02
132.255.109.166,1,2026-09-17 01:06:32,2026-09-17 01:06:32
132.255.129.100,1,2026-09-23 02:14:32,2026-09-23 02:14:32
132.255.129.151,1,2026-09-23 02:15:36,2026-09-23 02:15:36
132.255.216.65,1,2026-09-24 14:53:50,2026-09-24 14:53:50
132.255.36.187,1,2026-09-22 13:56:45,2026-09-22 13:56:45
132.255.51.76,1,2026-09-22 21:31:38,2026-09-22 21:31:38
132.255.81.204,1,2026-09-17 01:06:19,2026-09-17 01:06:19
134.17.36.190,1,2026-09-24 22:59:07,2026-09-24 22:59:07
135.0.194.147,1,2026-09-23 01:28:33,2026-09-23 01:28:33
135.19.19.59,1,2026-09-23 01:53:56,2026-09-23 01:53:56
136.158.11.230,1,2026-09-22 19:33:51,2026-09-22 19:33:51
136.158.124.134,1,2026-09-23 01:54:02,2026-09-23 01:54:02
136.158.24.237,1,2026-09-23 01:11:26,2026-09-23 01:11:26
136.158.26.190,1,2026-09-23 00:53:46,2026-09-23 00:53:46
136.158.28.208,1,2026-09-23 01:10:23,2026-09-23 01:10:23
136.158.39.83,1,2026-09-24 22:59:07,2026-09-24 22:59:07
136.158.51.193,1,2026-09-24 14:25:24,2026-09-24 14:25:24
136.158.61.165,1,2026-09-23 21:45:52,2026-09-23 21:45:52
136.158.63.43,1,2026-09-23 00:54:48,2026-09-23 00:54:48
136.158.70.72,1,2026-09-22 17:28:27,2026-09-22 17:28:27
136.239.180.108,1,2026-09-24 14:25:18,2026-09-24 14:25:18
137.255.36.152,1,2026-09-23 02:02:40,2026-09-23 02:02:40
137.255.98.12,1,2026-09-23 22:50:19,2026-09-23 22:50:19
137.59.229.77,1,2026-09-22 21:31:38,2026-09-22 21:31:38
137.59.230.139,1,2026-09-22 23:48:37,2026-09-22 23:48:37
138.0.113.81,1,2026-09-24 01:24:58,2026-09-24 01:24:58
138.0.21.128,1,2026-09-22 21:31:40,2026-09-22 21:31:40
138.0.244.122,1,2026-09-24 14:25:16,2026-09-24 14:25:16
138.0.244.183,1,2026-09-25 01:22:37,2026-09-25 01:22:37
138.0.245.217,1,2026-09-17 01:06:31,2026-09-17 01:06:31
138.0.64.5,1,2026-09-19 11:37:53,2026-09-19 11:37:53
138.0.69.220,1,2026-09-23 01:35:57,2026-09-23 01:35:57
138.117.16.82,1,2026-09-23 02:16:54,2026-09-23 02:16:54
138.117.177.206,1,2026-09-21 22:25:42,2026-09-21 22:25:42
138.117.182.16,1,2026-09-22 18:22:22,2026-09-22 18:22:22
138.117.223.246,1,2026-09-23 00:27:05,2026-09-23 00:27:05
138.117.244.242,1,2026-09-23 01:55:03,2026-09-23 01:55:03
138.117.61.89,1,2026-09-22 13:18:40,2026-09-22 13:18:40
138.117.86.138,1,2026-09-23 01:09:23,2026-09-23 01:09:23
138.118.179.195,1,2026-09-23 00:53:46,2026-09-23 00:53:46
138.118.203.155,1,2026-09-23 01:55:03,2026-09-23 01:55:03
138.121.114.141,1,2026-09-23 01:58:22,2026-09-23 01:58:22
138.121.49.148,1,2026-09-23 01:59:30,2026-09-23 01:59:30
138.122.233.155,1,2026-09-23 00:27:04,2026-09-23 00:27:04
138.122.234.146,1,2026-09-23 22:23:43,2026-09-23 22:23:43
138.122.83.212,1,2026-09-22 23:58:15,2026-09-22 23:58:15
138.185.11.86,1,2026-09-23 18:12:01,2026-09-23 18:12:01
138.185.126.171,1,2026-09-19 22:48:31,2026-09-19 22:48:31
138.185.201.119,1,2026-09-24 00:08:44,2026-09-24 00:08:44
138.185.23.102,1,2026-09-24 16:16:52,2026-09-24 16:16:52
138.185.243.24,1,2026-09-24 16:16:50,2026-09-24 16:16:50
138.185.59.101,1,2026-09-23 21:20:32,2026-09-23 21:20:32
138.185.69.187,1,2026-09-24 00:08:44,2026-09-24 00:08:44
138.185.90.172,1,2026-09-23 01:53:57,2026-09-23 01:53:57
138.186.109.18,1,2026-09-23 02:15:36,2026-09-23 02:15:36
138.186.109.189,1,2026-09-24 00:08:44,2026-09-24 00:08:44
138.186.119.104,1,2026-09-23 20:21:04,2026-09-23 20:21:04
138.186.74.207,1,2026-09-24 14:53:31,2026-09-24 14:53:31
138.186.81.78,1,2026-09-24 00:08:44,2026-09-24 00:08:44
138.186.82.27,1,2026-09-23 01:58:22,2026-09-23 01:58:22
138.186.82.41,1,2026-09-23 01:53:56,2026-09-23 01:53:56
138.204.211.146,1,2026-09-19 11:37:53,2026-09-19 11:37:53
138.204.211.183,1,2026-09-22 13:56:44,2026-09-22 13:56:44
138.204.211.65,1,2026-09-21 21:28:50,2026-09-21 21:28:50
138.204.26.103,1,2026-09-23 18:12:01,2026-09-23 18:12:01
138.219.242.71,1,2026-09-24 01:24:58,2026-09-24 01:24:58
138.219.250.33,1,2026-09-23 22:23:34,2026-09-23 22:23:34
138.219.54.30,1,2026-09-21 22:25:42,2026-09-21 22:25:42
138.219.54.80,1,2026-09-23 01:35:57,2026-09-23 01:35:57
138.249.9.116,1,2026-09-24 22:59:07,2026-09-24 22:59:07
138.252.1.8,1,2026-09-21 21:28:51,2026-09-21 21:28:51
138.252.74.141,1,2026-09-22 23:16:20,2026-09-22 23:16:20
138.252.88.3,1,2026-09-24 14:25:16,2026-09-24 14:25:16
138.255.111.132,1,2026-09-24 16:16:51,2026-09-24 16:16:51
138.255.12.141,1,2026-09-21 20:49:17,2026-09-21 20:49:17
138.255.177.111,1,2026-09-23 18:12:01,2026-09-23 18:12:01
138.255.177.20,1,2026-09-23 02:15:38,2026-09-23 02:15:38
138.255.177.86,1,2026-09-23 18:12:01,2026-09-23 18:12:01
138.255.93.157,1,2026-09-23 02:15:36,2026-09-23 02:15:36
138.36.150.89,1,2026-09-23 01:28:41,2026-09-23 01:28:41
138.36.33.164,1,2026-09-24 17:57:46,2026-09-24 17:57:46
138.36.40.218,1,2026-09-22 18:22:22,2026-09-22 18:22:22
138.59.101.205,1,2026-09-23 01:53:56,2026-09-23 01:53:56
138.59.121.15,1,2026-09-24 14:25:15,2026-09-24 14:25:15
138.59.125.50,1,2026-09-23 00:36:58,2026-09-23 00:36:58
138.59.34.27,1,2026-09-24 00:08:43,2026-09-24 00:08:43
138.59.35.137,1,2026-09-24 17:57:46,2026-09-24 17:57:46
138.59.48.239,1,2026-09-23 18:12:01,2026-09-23 18:12:01
138.59.48.51,1,2026-09-19 11:37:57,2026-09-19 11:37:57
138.84.151.221,1,2026-09-21 21:28:50,2026-09-21 21:28:50
138.84.198.33,1,2026-09-22 19:33:54,2026-09-22 19:33:54
138.84.34.100,1,2026-09-23 00:27:03,2026-09-23 00:27:03
138.84.35.85,1,2026-09-22 19:33:51,2026-09-22 19:33:51
138.84.37.162,1,2026-09-24 14:53:31,2026-09-24 14:53:31
138.84.37.82,1,2026-09-24 17:57:46,2026-09-24 17:57:46
138.84.41.111,1,2026-09-23 22:50:20,2026-09-23 22:50:20
138.84.45.84,1,2026-09-23 21:20:31,2026-09-23 21:20:31
138.84.47.155,1,2026-09-23 01:27:32,2026-09-23 01:27:32
138.84.53.137,1,2026-09-23 01:55:05,2026-09-23 01:55:05
138.84.53.246,1,2026-09-21 22:25:45,2026-09-21 22:25:45
138.84.53.89,1,2026-09-24 00:08:44,2026-09-24 00:08:44
138.94.127.238,1,2026-09-22 17:28:19,2026-09-22 17:28:19
138.94.170.57,1,2026-09-21 20:49:17,2026-09-21 20:49:17
138.94.39.138,1,2026-09-22 22:56:02,2026-09-22 22:56:02
138.97.151.164,1,2026-09-23 00:27:02,2026-09-23 00:27:02
138.97.186.105,1,2026-09-22 13:56:45,2026-09-22 13:56:45
138.97.189.16,1,2026-09-22 13:56:45,2026-09-22 13:56:45
138.97.214.221,1,2026-09-23 21:20:31,2026-09-23 21:20:31
138.97.243.51,1,2026-09-24 14:25:31,2026-09-24 14:25:31
138.97.33.164,1,2026-09-23 01:35:58,2026-09-23 01:35:58
138.97.54.73,1,2026-09-22 18:22:22,2026-09-22 18:22:22
138.97.67.23,1,2026-09-22 18:22:22,2026-09-22 18:22:22
138.99.61.200,1,2026-09-22 21:31:38,2026-09-22 21:31:38
139.135.192.205,1,2026-09-21 21:44:42,2026-09-21 21:44:42
139.135.241.72,1,2026-09-23 01:58:21,2026-09-23 01:58:21
139.135.54.25,1,2026-09-23 01:59:30,2026-09-23 01:59:30
139.180.76.177,1,2026-09-22 17:28:18,2026-09-22 17:28:18
139.5.157.114,1,2026-09-23 21:45:49,2026-09-23 21:45:49
14.102.1.211,1,2026-09-19 22:48:31,2026-09-19 22:48:31
14.184.233.252,1,2026-09-23 01:11:43,2026-09-23 01:11:43
14.187.112.90,1,2026-09-24 23:56:13,2026-09-24 23:56:13
14.191.154.75,1,2026-09-21 21:44:43,2026-09-21 21:44:43
14.191.194.209,1,2026-09-24 13:07:20,2026-09-24 13:07:20
14.192.144.163,1,2026-09-22 23:48:37,2026-09-22 23:48:37
14.192.152.82,1,2026-09-23 19:21:04,2026-09-23 19:21:04
14.213.6.151,1,2026-09-22 21:31:38,2026-09-22 21:31:38
14.235.115.26,1,2026-09-22 19:33:51,2026-09-22 19:33:51
14.236.28.211,1,2026-09-23 01:11:26,2026-09-23 01:11:26
14.245.203.9,1,2026-09-21 21:28:51,2026-09-21 21:28:51
14.247.109.98,1,2026-09-23 01:10:23,2026-09-23 01:10:23
141.105.138.243,1,2026-09-22 23:16:26,2026-09-22 23:16:26
143.0.112.17,1,2026-09-23 02:15:35,2026-09-23 02:15:35
143.0.229.141,1,2026-09-23 20:21:02,2026-09-23 20:21:02
143.0.56.64,1,2026-09-22 13:56:45,2026-09-22 13:56:45
143.105.113.134,1,2026-09-23 02:16:40,2026-09-23 02:16:40
143.105.125.30,1,2026-09-23 01:28:34,2026-09-23 01:28:34
143.105.137.196,1,2026-09-23 01:28:33,2026-09-23 01:28:33
143.105.147.11,1,2026-09-22 23:48:36,2026-09-22 23:48:36
143.105.147.77,1,2026-09-22 19:33:55,2026-09-22 19:33:55
143.105.152.42,1,2026-09-23 02:16:39,2026-09-23 02:16:39
143.105.29.35,1,2026-09-22 17:28:18,2026-09-22 17:28:18
143.105.29.5,1,2026-09-23 18:12:01,2026-09-23 18:12:01
143.105.99.203,1,2026-09-24 14:53:31,2026-09-24 14:53:31
143.137.153.236,1,2026-09-23 20:21:01,2026-09-23 20:21:01
143.137.39.115,1,2026-09-23 21:45:50,2026-09-23 21:45:50
143.137.90.57,1,2026-09-22 18:22:22,2026-09-22 18:22:22
143.137.91.150,1,2026-09-24 13:07:21,2026-09-24 13:07:21
143.178.27.173,1,2026-09-24 00:08:43,2026-09-24 00:08:43
143.202.189.191,1,2026-09-23 01:28:34,2026-09-23 01:28:34
143.202.191.145,1,2026-09-21 20:49:16,2026-09-21 20:49:16
143.202.231.181,1,2026-09-23 19:21:04,2026-09-23 19:21:04
143.202.55.72,1,2026-09-24 14:25:17,2026-09-24 14:25:17
143.208.186.116,1,2026-09-24 14:53:31,2026-09-24 14:53:31
143.208.186.89,1,2026-09-22 23:58:19,2026-09-22 23:58:19
143.208.236.29,1,2026-09-23 01:45:13,2026-09-23 01:45:13
143.208.27.128,1,2026-09-21 22:25:42,2026-09-21 22:25:42
143.208.59.55,1,2026-09-23 00:53:46,2026-09-23 00:53:46
143.208.82.118,1,2026-09-23 01:10:23,2026-09-23 01:10:23
143.223.52.171,1,2026-09-22 10:57:54,2026-09-22 10:57:54
143.255.3.107,1,2026-09-23 18:12:06,2026-09-23 18:12:06
143.44.140.100,1,2026-09-22 17:28:19,2026-09-22 17:28:19
143.44.236.35,1,2026-09-21 21:44:42,2026-09-21 21:44:42
144.124.192.197,1,2026-09-19 22:48:31,2026-09-19 22:48:31
144.124.192.38,1,2026-09-24 00:08:43,2026-09-24 00:08:43
144.124.193.149,1,2026-09-24 00:08:43,2026-09-24 00:08:43
144.124.193.211,1,2026-09-22 13:56:45,2026-09-22 13:56:45
144.124.196.0,1,2026-09-23 01:59:30,2026-09-23 01:59:30
144.124.198.218,1,2026-09-22 19:33:51,2026-09-22 19:33:51
144.124.199.148,1,2026-09-23 22:23:34,2026-09-23 22:23:34
144.124.199.150,1,2026-09-23 01:27:32,2026-09-23 01:27:32
144.124.199.201,1,2026-09-23 19:21:04,2026-09-23 19:21:04
144.48.115.191,1,2026-09-25 01:22:38,2026-09-25 01:22:38
144.48.151.190,1,2026-09-24 00:08:44,2026-09-24 00:08:44
144.64.18.173,1,2026-09-25 01:22:35,2026-09-25 01:22:35
146.120.175.150,1,2026-09-23 01:45:13,2026-09-23 01:45:13
146.120.251.189,1,2026-09-23 01:53:56,2026-09-23 01:53:56
146.120.34.255,1,2026-09-23 01:59:30,2026-09-23 01:59:30
146.120.47.198,1,2026-09-23 02:14:32,2026-09-23 02:14:32
146.120.47.96,1,2026-09-23 01:11:26,2026-09-23 01:11:26
146.158.105.61,1,2026-09-23 22:23:33,2026-09-23 22:23:33
146.158.112.143,1,2026-09-21 21:44:42,2026-09-21 21:44:42
146.158.124.99,1,2026-09-21 21:28:51,2026-09-21 21:28:51
146.19.220.17,1,2026-09-23 00:54:54,2026-09-23 00:54:54
146.196.34.191,1,2026-09-23 22:23:36,2026-09-23 22:23:36
146.196.38.211,1,2026-09-19 11:37:53,2026-09-19 11:37:53
147.194.144.206,1,2026-09-23 01:55:03,2026-09-23 01:55:03
147.235.216.242,1,2026-09-23 01:53:56,2026-09-23 01:53:56
147.235.220.163,1,2026-09-23 01:10:26,2026-09-23 01:10:26
147.236.117.74,1,2026-09-24 23:56:13,2026-09-24 23:56:13
147.30.116.33,1,2026-09-23 01:58:22,2026-09-23 01:58:22
147.90.103.37,1,2026-09-23 22:23:34,2026-09-23 22:23:34
148.222.205.221,1,2026-09-23 21:20:31,2026-09-23 21:20:31
148.222.217.45,1,2026-09-21 21:44:57,2026-09-21 21:44:57
148.224.42.186,1,2026-09-23 21:45:51,2026-09-23 21:45:51
148.227.69.235,1,2026-09-22 13:56:46,2026-09-22 13:56:46
148.227.73.41,1,2026-09-24 00:08:44,2026-09-24 00:08:44
148.227.74.80,1,2026-09-24 01:24:59,2026-09-24 01:24:59
148.227.75.74,1,2026-09-22 17:28:21,2026-09-22 17:28:21
148.227.86.68,1,2026-09-21 22:25:42,2026-09-21 22:25:42
148.230.190.211,1,2026-09-23 01:59:37,2026-09-23 01:59:37
148.244.105.14,1,2026-09-23 00:54:49,2026-09-23 00:54:49
149.107.226.118,1,2026-09-23 02:02:40,2026-09-23 02:02:40
149.107.253.147,1,2026-09-24 14:25:16,2026-09-24 14:25:16
149.255.206.3,1,2026-09-23 22:23:34,2026-09-23 22:23:34
149.255.211.14,1,2026-09-23 01:10:23,2026-09-23 01:10:23
149.30.130.142,1,2026-09-22 23:16:20,2026-09-22 23:16:20
149.78.146.32,1,2026-09-22 13:56:44,2026-09-22 13:56:44
149.78.152.40,1,2026-09-23 02:16:39,2026-09-23 02:16:39
149.78.37.70,1,2026-09-22 10:57:54,2026-09-22 10:57:54
149.86.146.250,1,2026-09-23 01:45:14,2026-09-23 01:45:14
150.107.106.151,1,2026-09-23 02:02:40,2026-09-23 02:02:40
150.107.232.35,1,2026-09-22 21:31:38,2026-09-22 21:31:38
150.107.241.72,1,2026-09-22 23:58:15,2026-09-22 23:58:15
150.129.236.40,1,2026-09-21 21:28:56,2026-09-21 21:28:56
150.228.105.204,1,2026-09-23 01:45:13,2026-09-23 01:45:13
150.228.224.126,1,2026-09-24 13:07:21,2026-09-24 13:07:21
150.253.50.30,1,2026-09-24 01:24:58,2026-09-24 01:24:58
150.253.60.235,1,2026-09-17 01:06:30,2026-09-17 01:06:30
151.0.35.205,1,2026-09-23 01:28:33,2026-09-23 01:28:33
151.158.111.68,1,2026-09-24 00:08:43,2026-09-24 00:08:43
151.158.143.77,1,2026-09-21 21:44:42,2026-09-21 21:44:42
151.158.86.27,1,2026-09-23 19:21:04,2026-09-23 19:21:04
151.213.117.52,1,2026-09-22 19:33:51,2026-09-22 19:33:51
151.228.239.89,1,2026-09-21 21:44:42,2026-09-21 21:44:42
151.244.147.51,1,2026-09-23 01:58:23,2026-09-23 01:58:23
151.244.149.44,1,2026-09-23 22:23:34,2026-09-23 22:23:34
151.244.152.90,1,2026-09-24 14:25:16,2026-09-24 14:25:16
151.244.155.141,1,2026-09-22 23:16:20,2026-09-22 23:16:20
151.244.157.145,1,2026-09-23 01:28:34,2026-09-23 01:28:34
151.244.157.26,1,2026-09-24 13:07:21,2026-09-24 13:07:21
151.244.159.169,1,2026-09-21 21:44:43,2026-09-21 21:44:43
151.251.75.141,1,2026-09-23 00:53:46,2026-09-23 00:53:46
151.255.66.222,1,2026-09-22 19:33:51,2026-09-22 19:33:51
151.38.174.243,1,2026-09-23 19:21:04,2026-09-23 19:21:04
151.56.117.116,1,2026-09-22 22:56:02,2026-09-22 22:56:02
151.70.44.217,1,2026-09-24 00:08:44,2026-09-24 00:08:44
152.110.134.103,1,2026-09-23 22:50:19,2026-09-23 22:50:19
152.172.25.245,1,2026-09-23 01:12:29,2026-09-23 01:12:29
152.174.223.48,1,2026-09-19 11:37:53,2026-09-19 11:37:53
152.174.224.178,1,2026-09-22 13:56:45,2026-09-22 13:56:45
152.200.215.134,1,2026-09-21 21:29:17,2026-09-21 21:29:17
152.201.74.128,1,2026-09-23 21:20:32,2026-09-23 21:20:32
152.203.123.177,1,2026-09-22 23:58:15,2026-09-22 23:58:15
152.203.41.4,1,2026-09-23 02:14:32,2026-09-23 02:14:32
152.207.201.163,1,2026-09-23 00:55:07,2026-09-23 00:55:07
152.231.252.179,1,2026-09-23 01:59:30,2026-09-23 01:59:30
152.244.33.226,1,2026-09-23 01:59:31,2026-09-23 01:59:31
152.244.72.193,1,2026-09-22 23:58:15,2026-09-22 23:58:15
152.249.193.184,1,2026-09-22 22:56:02,2026-09-22 22:56:02
152.250.139.142,1,2026-09-23 18:12:00,2026-09-23 18:12:00
152.250.183.138,1,2026-09-23 01:09:22,2026-09-23 01:09:22
152.250.52.201,1,2026-09-24 00:08:44,2026-09-24 00:08:44
152.254.175.247,1,2026-09-24 17:57:46,2026-09-24 17:57:46
152.254.253.34,1,2026-09-24 17:57:46,2026-09-24 17:57:46
152.56.10.20,1,2026-09-23 22:23:34,2026-09-23 22:23:34
152.56.10.229,1,2026-09-17 01:06:33,2026-09-17 01:06:33
152.56.169.63,1,2026-09-24 23:56:15,2026-09-24 23:56:15
152.56.175.45,1,2026-09-23 22:23:35,2026-09-23 22:23:35
152.56.2.163,1,2026-09-23 01:53:56,2026-09-23 01:53:56
152.56.67.16,1,2026-09-22 17:28:19,2026-09-22 17:28:19
152.57.131.45,1,2026-09-23 21:45:49,2026-09-23 21:45:49
152.58.155.145,1,2026-09-23 22:50:22,2026-09-23 22:50:22
152.58.16.189,1,2026-09-23 01:28:35,2026-09-23 01:28:35
152.58.191.226,1,2026-09-23 02:16:39,2026-09-23 02:16:39
152.58.25.229,1,2026-09-24 22:59:07,2026-09-24 22:59:07
152.58.36.140,1,2026-09-23 22:23:33,2026-09-23 22:23:33
152.58.56.119,1,2026-09-23 01:10:23,2026-09-23 01:10:23
152.58.56.231,1,2026-09-24 22:59:09,2026-09-24 22:59:09
152.58.57.241,1,2026-09-24 01:24:59,2026-09-24 01:24:59
152.58.61.153,1,2026-09-19 22:48:14,2026-09-19 22:48:14
152.58.78.209,1,2026-09-22 13:56:45,2026-09-22 13:56:45
152.58.96.73,1,2026-09-23 01:58:22,2026-09-23 01:58:22
152.59.119.179,1,2026-09-23 01:10:23,2026-09-23 01:10:23
152.59.120.11,1,2026-09-24 16:16:51,2026-09-24 16:16:51
152.59.180.156,1,2026-09-23 01:11:33,2026-09-23 01:11:33
152.59.24.247,1,2026-09-24 01:24:58,2026-09-24 01:24:58
152.59.36.55,1,2026-09-23 22:23:34,2026-09-23 22:23:34
152.59.40.188,1,2026-09-24 14:53:31,2026-09-24 14:53:31
152.59.63.64,1,2026-09-24 23:56:14,2026-09-24 23:56:14
152.59.79.153,1,2026-09-24 13:07:32,2026-09-24 13:07:32
152.59.82.137,1,2026-09-24 22:59:09,2026-09-24 22:59:09
152.59.83.208,1,2026-09-22 13:56:51,2026-09-22 13:56:51
152.59.85.28,1,2026-09-21 21:28:50,2026-09-21 21:28:50
152.59.89.238,1,2026-09-21 21:28:50,2026-09-21 21:28:50
152.89.134.189,1,2026-09-22 19:33:51,2026-09-22 19:33:51
153.117.127.6,1,2026-09-19 11:38:00,2026-09-19 11:38:00
153.117.26.178,1,2026-09-24 22:59:07,2026-09-24 22:59:07
153.117.37.237,1,2026-09-23 18:12:01,2026-09-23 18:12:01
153.117.38.3,1,2026-09-23 01:09:22,2026-09-23 01:09:22
153.117.40.24,1,2026-09-17 01:06:30,2026-09-17 01:06:30
153.117.42.112,1,2026-09-22 22:56:02,2026-09-22 22:56:02
153.117.5.122,1,2026-09-24 17:57:49,2026-09-24 17:57:49
153.117.5.125,1,2026-09-24 17:57:45,2026-09-24 17:57:45
153.67.115.21,1,2026-09-23 01:27:33,2026-09-23 01:27:33
153.67.137.39,1,2026-09-22 23:48:35,2026-09-22 23:48:35
153.67.15.42,1,2026-09-17 01:06:19,2026-09-17 01:06:19
153.67.183.16,1,2026-09-23 01:10:24,2026-09-23 01:10:24
153.67.187.141,1,2026-09-23 01:55:04,2026-09-23 01:55:04
153.67.187.22,1,2026-09-24 13:07:20,2026-09-24 13:07:20
153.67.37.112,1,2026-09-23 00:53:46,2026-09-23 00:53:46
153.67.5.137,1,2026-09-23 01:10:25,2026-09-23 01:10:25
153.67.9.126,1,2026-09-24 16:16:55,2026-09-24 16:16:55
153.68.16.19,1,2026-09-23 01:55:04,2026-09-23 01:55:04
154.116.105.151,1,2026-09-23 01:12:30,2026-09-23 01:12:30
154.117.141.18,1,2026-09-23 22:50:25,2026-09-23 22:50:25
154.117.150.254,1,2026-09-24 22:59:08,2026-09-24 22:59:08
154.118.186.6,1,2026-09-23 01:10:24,2026-09-23 01:10:24
154.124.228.147,1,2026-09-21 22:08:43,2026-09-21 22:08:43
154.124.229.56,1,2026-09-24 01:25:07,2026-09-24 01:25:07
154.124.38.187,1,2026-09-23 01:59:30,2026-09-23 01:59:30
154.125.2.143,1,2026-09-23 01:28:35,2026-09-23 01:28:35
154.127.205.150,1,2026-09-23 02:16:39,2026-09-23 02:16:39
154.127.205.81,1,2026-09-24 16:16:53,2026-09-24 16:16:53
154.127.211.227,1,2026-09-23 01:28:34,2026-09-23 01:28:34
154.127.212.116,1,2026-09-23 02:02:40,2026-09-23 02:02:40
154.159.246.244,1,2026-09-25 01:22:36,2026-09-25 01:22:36
154.177.19.86,1,2026-09-23 01:45:31,2026-09-23 01:45:31
154.192.15.210,1,2026-09-23 22:23:34,2026-09-23 22:23:34
154.192.170.89,1,2026-09-22 18:22:23,2026-09-22 18:22:23
154.192.181.92,1,2026-09-21 21:44:43,2026-09-21 21:44:43
154.208.32.201,1,2026-09-17 01:06:19,2026-09-17 01:06:19
154.208.41.17,1,2026-09-23 01:12:29,2026-09-23 01:12:29
154.208.43.177,1,2026-09-23 00:53:46,2026-09-23 00:53:46
154.208.48.246,1,2026-09-17 01:06:37,2026-09-17 01:06:37
154.208.57.8,1,2026-09-22 21:31:40,2026-09-22 21:31:40
154.208.58.167,1,2026-09-21 22:26:26,2026-09-21 22:26:26
154.23.97.114,1,2026-09-22 22:56:08,2026-09-22 22:56:08
154.23.97.213,1,2026-09-23 01:58:21,2026-09-23 01:58:21
154.243.124.17,1,2026-09-23 02:16:45,2026-09-23 02:16:45
154.250.17.197,1,2026-09-22 22:56:03,2026-09-22 22:56:03
154.27.138.155,1,2026-09-23 01:58:21,2026-09-23 01:58:21
154.41.100.230,1,2026-09-23 02:16:40,2026-09-23 02:16:40
154.41.187.185,1,2026-09-23 19:21:04,2026-09-23 19:21:04
154.57.219.88,1,2026-09-23 02:16:43,2026-09-23 02:16:43
154.58.237.97,1,2026-09-24 23:56:13,2026-09-24 23:56:13
154.64.7.131,1,2026-09-22 17:28:19,2026-09-22 17:28:19
154.68.187.26,1,2026-09-24 13:07:21,2026-09-24 13:07:21
154.70.60.133,1,2026-09-24 01:24:58,2026-09-24 01:24:58
154.71.132.150,1,2026-09-22 19:33:59,2026-09-22 19:33:59
154.71.199.66,1,2026-09-23 02:16:44,2026-09-23 02:16:44
154.71.231.232,1,2026-09-22 23:16:21,2026-09-22 23:16:21
154.72.163.102,1,2026-09-23 01:11:28,2026-09-23 01:11:28
154.73.44.178,1,2026-09-23 00:54:49,2026-09-23 00:54:49
154.74.173.10,1,2026-09-22 23:58:16,2026-09-22 23:58:16
154.74.175.13,1,2026-09-23 01:11:27,2026-09-23 01:11:27
154.94.0.202,1,2026-09-22 18:22:22,2026-09-22 18:22:22
155.93.164.54,1,2026-09-23 22:50:19,2026-09-23 22:50:19
156.155.17.196,1,2026-09-22 18:22:22,2026-09-22 18:22:22
156.155.19.125,1,2026-09-23 01:58:21,2026-09-23 01:58:21
156.155.20.243,1,2026-09-22 23:16:20,2026-09-22 23:16:20
156.208.163.39,1,2026-09-21 20:49:22,2026-09-21 20:49:22
156.247.134.53,1,2026-09-23 00:53:56,2026-09-23 00:53:56
156.247.135.71,1,2026-09-23 01:28:33,2026-09-23 01:28:33
156.247.179.83,1,2026-09-23 00:54:48,2026-09-23 00:54:48
156.247.180.109,1,2026-09-23 02:16:39,2026-09-23 02:16:39
156.247.211.179,1,2026-09-23 02:02:40,2026-09-23 02:02:40
156.247.218.57,1,2026-09-23 01:10:23,2026-09-23 01:10:23
156.247.236.77,1,2026-09-23 01:28:33,2026-09-23 01:28:33
156.247.250.88,1,2026-09-23 00:54:50,2026-09-23 00:54:50
156.255.169.27,1,2026-09-23 01:10:24,2026-09-23 01:10:24
156.255.193.246,1,2026-09-24 14:25:15,2026-09-24 14:25:15
156.255.227.22,1,2026-09-23 00:53:46,2026-09-23 00:53:46
156.255.239.194,1,2026-09-23 01:55:05,2026-09-23 01:55:05
157.10.8.250,1,2026-09-23 20:21:00,2026-09-23 20:21:00
157.100.106.128,1,2026-09-24 01:25:05,2026-09-24 01:25:05
157.100.106.137,1,2026-09-23 01:10:23,2026-09-23 01:10:23
157.100.106.240,1,2026-09-23 00:36:58,2026-09-23 00:36:58
157.100.112.145,1,2026-09-23 01:11:26,2026-09-23 01:11:26
157.100.126.222,1,2026-09-23 00:54:48,2026-09-23 00:54:48
157.100.126.29,1,2026-09-23 22:50:20,2026-09-23 22:50:20
157.100.136.52,1,2026-09-21 21:28:52,2026-09-21 21:28:52
157.100.136.63,1,2026-09-24 14:25:21,2026-09-24 14:25:21
157.100.137.71,1,2026-09-25 01:22:36,2026-09-25 01:22:36
157.100.143.33,1,2026-09-23 00:54:48,2026-09-23 00:54:48
157.100.191.23,1,2026-09-17 01:06:36,2026-09-17 01:06:36
157.100.199.196,1,2026-09-23 20:21:00,2026-09-23 20:21:00
157.100.203.251,1,2026-09-24 14:53:31,2026-09-24 14:53:31
157.100.30.121,1,2026-09-23 01:10:24,2026-09-23 01:10:24
157.100.67.167,1,2026-09-21 20:49:16,2026-09-21 20:49:16
157.100.89.100,1,2026-09-23 01:59:31,2026-09-23 01:59:31
157.119.205.210,1,2026-09-24 22:59:07,2026-09-24 22:59:07
157.119.218.177,1,2026-09-23 00:55:48,2026-09-23 00:55:48
157.20.253.171,1,2026-09-21 20:49:17,2026-09-21 20:49:17
157.32.25.64,1,2026-09-23 00:27:02,2026-09-23 00:27:02
157.32.58.96,1,2026-09-21 22:26:09,2026-09-21 22:26:09
157.34.85.96,1,2026-09-24 15:22:34,2026-09-24 15:22:34
157.38.0.229,1,2026-09-17 01:06:21,2026-09-17 01:06:21
157.38.2.42,1,2026-09-23 01:09:27,2026-09-23 01:09:27
157.48.101.188,1,2026-09-22 10:57:54,2026-09-22 10:57:54
157.48.231.45,1,2026-09-22 17:28:18,2026-09-22 17:28:18
157.48.5.239,1,2026-09-24 14:53:36,2026-09-24 14:53:36
157.48.83.252,1,2026-09-22 23:16:21,2026-09-22 23:16:21
157.48.90.66,1,2026-09-22 13:56:46,2026-09-22 13:56:46
157.49.180.151,1,2026-09-22 17:28:18,2026-09-22 17:28:18
157.49.47.165,1,2026-09-24 14:53:31,2026-09-24 14:53:31
157.49.74.69,1,2026-09-23 01:09:22,2026-09-23 01:09:22
157.49.80.206,1,2026-09-22 23:48:35,2026-09-22 23:48:35
157.49.80.214,1,2026-09-23 01:12:28,2026-09-23 01:12:28
157.51.198.215,1,2026-09-23 22:50:21,2026-09-23 22:50:21
157.51.207.145,1,2026-09-19 22:48:37,2026-09-19 22:48:37
158.140.78.178,1,2026-09-24 13:07:20,2026-09-24 13:07:20
158.181.41.164,1,2026-09-22 17:28:18,2026-09-22 17:28:18
158.181.41.29,1,2026-09-23 00:54:48,2026-09-23 00:54:48
158.181.42.167,1,2026-09-23 02:16:40,2026-09-23 02:16:40
158.181.42.98,1,2026-09-22 21:31:40,2026-09-22 21:31:40
158.181.46.254,1,2026-09-23 01:12:28,2026-09-23 01:12:28
158.58.128.160,1,2026-09-24 23:56:16,2026-09-24 23:56:16
159.0.35.106,1,2026-09-23 01:53:56,2026-09-23 01:53:56
159.146.13.81,1,2026-09-23 00:53:46,2026-09-23 00:53:46
160.113.0.124,1,2026-09-23 18:12:01,2026-09-23 18:12:01
160.120.114.193,1,2026-09-23 02:14:32,2026-09-23 02:14:32
160.155.34.160,1,2026-09-22 23:58:15,2026-09-22 23:58:15
160.176.234.181,1,2026-09-22 23:48:35,2026-09-22 23:48:35
160.176.47.62,1,2026-09-19 22:48:31,2026-09-19 22:48:31
160.177.247.238,1,2026-09-23 01:12:31,2026-09-23 01:12:31
160.178.100.57,1,2026-09-24 13:07:21,2026-09-24 13:07:21
160.179.111.23,1,2026-09-25 01:22:36,2026-09-25 01:22:36
160.187.108.198,1,2026-09-23 00:55:48,2026-09-23 00:55:48
160.187.175.136,1,2026-09-23 01:11:26,2026-09-23 01:11:26
160.19.245.207,1,2026-09-24 17:57:46,2026-09-24 17:57:46
160.191.148.209,1,2026-09-22 17:28:19,2026-09-22 17:28:19
160.20.85.15,1,2026-09-22 13:56:44,2026-09-22 13:56:44
160.236.220.5,1,2026-09-25 01:22:35,2026-09-25 01:22:35
160.238.124.141,1,2026-09-22 19:33:51,2026-09-22 19:33:51
160.238.132.27,1,2026-09-23 19:21:04,2026-09-23 19:21:04
160.238.225.215,1,2026-09-23 22:23:34,2026-09-23 22:23:34
160.238.25.53,1,2026-09-23 01:35:57,2026-09-23 01:35:57
160.242.24.2,1,2026-09-22 13:56:47,2026-09-22 13:56:47
160.242.24.6,1,2026-09-23 01:55:03,2026-09-23 01:55:03
160.242.31.176,1,2026-09-24 23:56:25,2026-09-24 23:56:25
160.25.9.18,1,2026-09-25 01:22:35,2026-09-25 01:22:35
160.250.240.157,1,2026-09-23 02:14:32,2026-09-23 02:14:32
160.30.133.72,1,2026-09-22 19:33:52,2026-09-22 19:33:52
161.10.38.7,1,2026-09-23 21:20:31,2026-09-23 21:20:31
161.142.142.135,1,2026-09-25 01:22:35,2026-09-25 01:22:35
161.142.156.183,1,2026-09-22 17:28:18,2026-09-22 17:28:18
161.18.43.102,1,2026-09-17 01:06:31,2026-09-17 01:06:31
161.22.58.163,1,2026-09-22 23:58:15,2026-09-22 23:58:15
161.22.59.126,1,2026-09-23 20:21:03,2026-09-23 20:21:03
161.230.253.33,1,2026-09-23 02:02:40,2026-09-23 02:02:40
161.248.155.155,1,2026-09-23 00:27:02,2026-09-23 00:27:02
161.248.241.130,1,2026-09-24 00:08:43,2026-09-24 00:08:43
161.8.113.170,1,2026-09-23 00:54:48,2026-09-23 00:54:48
161.8.92.186,1,2026-09-23 22:50:19,2026-09-23 22:50:19
161.81.120.137,1,2026-09-23 00:27:02,2026-09-23 00:27:02
162.12.245.10,1,2026-09-23 02:02:41,2026-09-23 02:02:41
162.12.247.59,1,2026-09-24 14:25:15,2026-09-24 14:25:15
162.212.180.128,1,2026-09-23 21:20:31,2026-09-23 21:20:31
162.4.129.1,1,2026-09-22 10:57:55,2026-09-22 10:57:55
163.47.90.15,1,2026-09-23 02:15:35,2026-09-23 02:15:35
163.53.179.117,1,2026-09-22 18:22:23,2026-09-22 18:22:23
163.53.179.173,1,2026-09-23 00:55:48,2026-09-23 00:55:48
163.61.101.10,1,2026-09-23 02:14:32,2026-09-23 02:14:32
163.61.128.51,1,2026-09-23 01:09:24,2026-09-23 01:09:24
164.0.9.173,1,2026-09-23 00:37:01,2026-09-23 00:37:01
164.160.146.67,1,2026-09-23 01:28:45,2026-09-23 01:28:45
164.163.0.235,1,2026-09-24 13:07:20,2026-09-24 13:07:20
164.163.190.53,1,2026-09-23 00:54:49,2026-09-23 00:54:49
164.163.206.50,1,2026-09-21 21:28:52,2026-09-21 21:28:52
164.163.230.106,1,2026-09-22 21:31:38,2026-09-22 21:31:38
164.163.44.180,1,2026-09-23 00:36:59,2026-09-23 00:36:59
164.163.99.87,1,2026-09-23 01:55:06,2026-09-23 01:55:06
165.0.141.22,1,2026-09-23 01:59:30,2026-09-23 01:59:30
165.0.33.225,1,2026-09-23 00:53:47,2026-09-23 00:53:47
165.101.109.107,1,2026-09-23 00:54:47,2026-09-23 00:54:47
165.101.12.12,1,2026-09-23 21:20:33,2026-09-23 21:20:33
165.16.160.51,1,2026-09-23 02:02:40,2026-09-23 02:02:40
165.16.161.23,1,2026-09-23 01:27:32,2026-09-23 01:27:32
165.16.170.254,1,2026-09-25 01:22:36,2026-09-25 01:22:36
165.16.181.112,1,2026-09-21 20:49:17,2026-09-21 20:49:17
165.16.185.45,1,2026-09-22 23:16:20,2026-09-22 23:16:20
165.16.186.44,1,2026-09-23 22:50:20,2026-09-23 22:50:20
165.16.76.245,1,2026-09-22 23:48:35,2026-09-22 23:48:35
165.165.110.189,1,2026-09-23 01:27:32,2026-09-23 01:27:32
165.165.114.7,1,2026-09-21 23:11:34,2026-09-21 23:11:34
165.165.116.148,1,2026-09-23 01:53:56,2026-09-23 01:53:56
165.165.117.103,1,2026-09-23 00:54:49,2026-09-23 00:54:49
165.165.117.117,1,2026-09-22 23:48:35,2026-09-22 23:48:35
165.165.117.62,1,2026-09-23 19:21:06,2026-09-23 19:21:06
165.169.140.105,1,2026-09-23 01:58:21,2026-09-23 01:58:21
165.73.180.167,1,2026-09-23 01:09:23,2026-09-23 01:09:23
165.73.183.69,1,2026-09-21 21:44:44,2026-09-21 21:44:44
165.99.156.164,1,2026-09-22 13:56:45,2026-09-22 13:56:45
166.114.132.248,1,2026-09-24 01:24:59,2026-09-24 01:24:59
166.114.135.136,1,2026-09-23 01:55:04,2026-09-23 01:55:04
166.114.135.98,1,2026-09-23 22:23:34,2026-09-23 22:23:34
166.114.140.12,1,2026-09-23 01:12:29,2026-09-23 01:12:29
166.114.140.130,1,2026-09-23 00:37:00,2026-09-23 00:37:00
166.114.141.155,1,2026-09-21 21:44:43,2026-09-21 21:44:43
166.114.154.54,1,2026-09-22 23:48:35,2026-09-22 23:48:35
166.114.155.235,1,2026-09-23 01:10:25,2026-09-23 01:10:25
166.114.159.131,1,2026-09-22 19:33:51,2026-09-22 19:33:51
166.114.160.26,1,2026-09-23 01:28:34,2026-09-23 01:28:34
166.114.163.166,1,2026-09-23 01:12:28,2026-09-23 01:12:28
166.114.164.64,1,2026-09-24 13:07:20,2026-09-24 13:07:20
166.114.166.201,1,2026-09-23 02:14:32,2026-09-23 02:14:32
166.114.173.240,1,2026-09-23 02:16:39,2026-09-23 02:16:39
167.0.182.253,1,2026-09-23 01:11:28,2026-09-23 01:11:28
167.0.226.226,1,2026-09-24 01:24:59,2026-09-24 01:24:59
167.0.92.123,1,2026-09-23 02:14:32,2026-09-23 02:14:32
167.249.206.164,1,2026-09-24 14:25:16,2026-09-24 14:25:16
167.250.138.26,1,2026-09-21 20:49:17,2026-09-21 20:49:17
167.250.60.212,1,2026-09-23 01:45:13,2026-09-23 01:45:13
167.60.146.109,1,2026-09-23 02:02:40,2026-09-23 02:02:40
167.60.216.248,1,2026-09-22 13:56:45,2026-09-22 13:56:45
167.61.14.193,1,2026-09-24 17:57:46,2026-09-24 17:57:46
167.61.40.168,1,2026-09-25 01:22:36,2026-09-25 01:22:36
167.62.3.51,1,2026-09-24 14:25:21,2026-09-24 14:25:21
167.62.72.205,1,2026-09-22 18:22:22,2026-09-22 18:22:22
168.0.112.244,1,2026-09-17 01:06:31,2026-09-17 01:06:31
168.0.182.229,1,2026-09-22 18:22:22,2026-09-22 18:22:22
168.0.233.232,1,2026-09-24 17:57:52,2026-09-24 17:57:52
168.0.234.65,1,2026-09-22 23:58:15,2026-09-22 23:58:15
168.0.55.0,1,2026-09-23 01:10:23,2026-09-23 01:10:23
168.0.99.152,1,2026-09-23 00:54:48,2026-09-23 00:54:48
168.121.102.99,1,2026-09-22 13:56:46,2026-09-22 13:56:46
168.121.106.37,1,2026-09-22 21:31:38,2026-09-22 21:31:38
168.121.242.90,1,2026-09-21 21:44:42,2026-09-21 21:44:42
168.121.98.246,1,2026-09-22 13:56:46,2026-09-22 13:56:46
168.121.99.17,1,2026-09-23 18:12:00,2026-09-23 18:12:00
168.149.47.140,1,2026-09-23 00:54:48,2026-09-23 00:54:48
168.181.114.54,1,2026-09-23 00:55:49,2026-09-23 00:55:49
168.181.197.245,1,2026-09-22 13:56:44,2026-09-22 13:56:44
168.181.199.167,1,2026-09-22 19:33:51,2026-09-22 19:33:51
168.181.208.106,1,2026-09-24 16:16:51,2026-09-24 16:16:51
168.194.106.188,1,2026-09-19 11:37:53,2026-09-19 11:37:53
168.194.107.155,1,2026-09-22 17:28:19,2026-09-22 17:28:19
168.194.234.59,1,2026-09-23 01:59:30,2026-09-23 01:59:30
168.194.26.189,1,2026-09-23 18:12:01,2026-09-23 18:12:01
168.195.133.6,1,2026-09-23 01:09:22,2026-09-23 01:09:22
168.195.163.58,1,2026-09-23 01:35:58,2026-09-23 01:35:58
168.195.163.92,1,2026-09-23 00:36:58,2026-09-23 00:36:58
168.195.164.128,1,2026-09-24 23:56:14,2026-09-24 23:56:14
168.195.171.121,1,2026-09-21 22:25:42,2026-09-21 22:25:42
168.195.211.211,1,2026-09-22 21:31:41,2026-09-22 21:31:41
168.195.237.97,1,2026-09-22 18:22:22,2026-09-22 18:22:22
168.195.244.59,1,2026-09-23 02:15:36,2026-09-23 02:15:36
168.196.129.52,1,2026-09-23 19:21:04,2026-09-23 19:21:04
168.196.172.21,1,2026-09-24 16:16:54,2026-09-24 16:16:54
168.196.172.50,1,2026-09-23 02:15:42,2026-09-23 02:15:42
168.196.245.33,1,2026-09-23 01:58:23,2026-09-23 01:58:23
168.196.31.117,1,2026-09-23 19:21:04,2026-09-23 19:21:04
168.196.31.43,1,2026-09-23 00:54:48,2026-09-23 00:54:48
168.196.32.1,1,2026-09-24 22:59:07,2026-09-24 22:59:07
168.197.104.117,1,2026-09-23 18:12:05,2026-09-23 18:12:05
168.197.131.207,1,2026-09-23 21:20:31,2026-09-23 21:20:31
168.197.145.4,1,2026-09-21 20:49:17,2026-09-21 20:49:17
168.197.65.247,1,2026-09-24 23:56:13,2026-09-24 23:56:13
168.205.101.58,1,2026-09-23 21:20:32,2026-09-23 21:20:32
168.205.103.89,1,2026-09-24 00:08:43,2026-09-24 00:08:43
168.205.109.29,1,2026-09-22 19:33:52,2026-09-22 19:33:52
168.205.136.233,1,2026-09-22 13:56:45,2026-09-22 13:56:45
168.205.152.126,1,2026-09-23 02:16:03,2026-09-23 02:16:03
168.205.194.249,1,2026-09-23 02:16:39,2026-09-23 02:16:39
168.205.36.58,1,2026-09-23 18:12:00,2026-09-23 18:12:00
168.210.180.222,1,2026-09-24 16:16:51,2026-09-24 16:16:51
168.210.20.36,1,2026-09-23 00:27:03,2026-09-23 00:27:03
168.210.23.160,1,2026-09-24 23:56:13,2026-09-24 23:56:13
168.227.153.57,1,2026-09-24 00:08:43,2026-09-24 00:08:43
168.228.201.89,1,2026-09-22 21:31:39,2026-09-22 21:31:39
168.232.182.216,1,2026-09-23 01:35:57,2026-09-23 01:35:57
168.232.212.68,1,2026-09-21 20:49:16,2026-09-21 20:49:16
168.232.249.159,1,2026-09-23 21:45:50,2026-09-23 21:45:50
168.232.66.88,1,2026-09-24 16:16:51,2026-09-24 16:16:51
168.90.155.174,1,2026-09-22 23:48:35,2026-09-22 23:48:35
168.90.189.112,1,2026-09-24 17:57:47,2026-09-24 17:57:47
168.90.57.9,1,2026-09-24 14:25:16,2026-09-24 14:25:16
168.90.95.247,1,2026-09-17 01:07:49,2026-09-17 01:07:49
169.1.152.63,1,2026-09-22 19:33:51,2026-09-22 19:33:51
169.1.161.189,1,2026-09-23 02:16:39,2026-09-23 02:16:39
169.1.200.209,1,2026-09-23 00:36:58,2026-09-23 00:36:58
169.1.215.112,1,2026-09-23 22:23:34,2026-09-23 22:23:34
169.1.38.89,1,2026-09-24 13:07:21,2026-09-24 13:07:21
169.148.102.150,1,2026-09-24 01:24:58,2026-09-24 01:24:58
169.148.122.6,1,2026-09-23 01:09:22,2026-09-23 01:09:22
169.224.0.109,1,2026-09-22 17:28:18,2026-09-22 17:28:18
169.224.0.142,1,2026-09-23 01:09:22,2026-09-23 01:09:22
169.224.1.255,1,2026-09-22 13:18:39,2026-09-22 13:18:39
169.224.10.155,1,2026-09-23 02:15:35,2026-09-23 02:15:35
169.224.10.53,1,2026-09-22 23:48:35,2026-09-22 23:48:35
169.224.10.68,1,2026-09-23 00:53:46,2026-09-23 00:53:46
169.224.10.87,1,2026-09-23 18:12:00,2026-09-23 18:12:00
169.224.104.230,1,2026-09-23 01:09:25,2026-09-23 01:09:25
169.224.105.249,1,2026-09-24 01:24:58,2026-09-24 01:24:58
169.224.107.42,1,2026-09-22 19:33:51,2026-09-22 19:33:51
169.224.11.185,1,2026-09-23 21:45:49,2026-09-23 21:45:49
169.224.110.153,1,2026-09-23 01:11:26,2026-09-23 01:11:26
169.224.116.163,1,2026-09-23 01:58:21,2026-09-23 01:58:21
169.224.117.254,1,2026-09-24 22:59:08,2026-09-24 22:59:08
169.224.121.145,1,2026-09-23 21:45:50,2026-09-23 21:45:50
169.224.124.101,1,2026-09-23 22:50:19,2026-09-23 22:50:19
169.224.124.228,1,2026-09-23 00:54:49,2026-09-23 00:54:49
169.224.14.162,1,2026-09-23 01:09:22,2026-09-23 01:09:22
169.224.15.109,1,2026-09-23 02:15:36,2026-09-23 02:15:36
169.224.16.140,1,2026-09-23 01:28:20,2026-09-23 01:28:20
169.224.16.167,1,2026-09-23 01:59:30,2026-09-23 01:59:30
169.224.17.138,1,2026-09-22 17:28:20,2026-09-22 17:28:20
169.224.17.71,1,2026-09-22 13:56:46,2026-09-22 13:56:46
169.224.18.39,1,2026-09-23 01:28:33,2026-09-23 01:28:33
169.224.19.233,1,2026-09-23 01:10:23,2026-09-23 01:10:23
169.224.19.244,1,2026-09-23 02:02:41,2026-09-23 02:02:41
169.224.2.124,1,2026-09-23 01:28:33,2026-09-23 01:28:33
169.224.20.16,1,2026-09-23 21:45:50,2026-09-23 21:45:50
169.224.20.32,1,2026-09-22 22:56:03,2026-09-22 22:56:03
169.224.21.178,1,2026-09-23 01:28:40,2026-09-23 01:28:40
169.224.23.226,1,2026-09-23 01:28:33,2026-09-23 01:28:33
169.224.26.52,1,2026-09-23 00:54:48,2026-09-23 00:54:48
169.224.3.206,1,2026-09-23 01:09:22,2026-09-23 01:09:22
169.224.3.213,1,2026-09-23 22:50:19,2026-09-23 22:50:19
169.224.33.234,1,2026-09-24 14:25:16,2026-09-24 14:25:16
169.224.34.64,1,2026-09-24 01:25:08,2026-09-24 01:25:08
169.224.38.105,1,2026-09-23 00:53:46,2026-09-23 00:53:46
169.224.38.89,1,2026-09-23 21:45:50,2026-09-23 21:45:50
169.224.4.152,1,2026-09-24 01:24:59,2026-09-24 01:24:59
169.224.41.162,1,2026-09-23 02:02:44,2026-09-23 02:02:44
169.224.5.122,1,2026-09-21 21:44:42,2026-09-21 21:44:42
169.224.5.139,1,2026-09-23 02:16:39,2026-09-23 02:16:39
169.224.6.170,1,2026-09-23 18:12:00,2026-09-23 18:12:00
169.224.60.216,1,2026-09-23 01:12:28,2026-09-23 01:12:28
169.224.62.213,1,2026-09-23 01:12:29,2026-09-23 01:12:29
169.224.65.30,1,2026-09-23 01:55:03,2026-09-23 01:55:03
169.224.68.175,1,2026-09-23 01:53:57,2026-09-23 01:53:57
169.224.7.106,1,2026-09-23 00:27:02,2026-09-23 00:27:02
169.224.7.157,1,2026-09-25 01:22:35,2026-09-25 01:22:35
169.224.7.85,1,2026-09-23 02:14:32,2026-09-23 02:14:32
169.224.70.11,1,2026-09-23 00:27:03,2026-09-23 00:27:03
169.224.8.21,1,2026-09-23 01:53:56,2026-09-23 01:53:56
169.224.8.61,1,2026-09-23 00:27:05,2026-09-23 00:27:05
169.224.8.68,1,2026-09-22 19:33:52,2026-09-22 19:33:52
169.224.81.139,1,2026-09-24 01:24:58,2026-09-24 01:24:58
169.224.86.149,1,2026-09-22 13:56:45,2026-09-22 13:56:45
169.224.87.7,1,2026-09-23 18:12:00,2026-09-23 18:12:00
169.224.97.237,1,2026-09-23 01:11:27,2026-09-23 01:11:27
169.224.97.54,1,2026-09-24 01:24:58,2026-09-24 01:24:58
169.239.158.230,1,2026-09-23 01:12:56,2026-09-23 01:12:56
169.239.209.12,1,2026-09-22 22:56:04,2026-09-22 22:56:04
170.0.107.116,1,2026-09-25 01:22:37,2026-09-25 01:22:37
170.0.166.194,1,2026-09-23 21:20:31,2026-09-23 21:20:31
170.0.56.41,1,2026-09-19 11:37:53,2026-09-19 11:37:53
170.150.132.145,1,2026-09-24 00:08:44,2026-09-24 00:08:44
170.150.156.185,1,2026-09-24 23:56:13,2026-09-24 23:56:13
170.150.253.223,1,2026-09-23 01:58:21,2026-09-23 01:58:21
170.150.55.204,1,2026-09-22 13:56:44,2026-09-22 13:56:44
170.231.132.5,1,2026-09-24 01:25:03,2026-09-24 01:25:03
170.231.134.99,1,2026-09-24 01:24:59,2026-09-24 01:24:59
170.231.148.153,1,2026-09-21 22:25:42,2026-09-21 22:25:42
170.231.176.220,1,2026-09-23 01:28:34,2026-09-23 01:28:34
170.231.234.216,1,2026-09-24 16:16:50,2026-09-24 16:16:50
170.231.252.171,1,2026-09-21 22:25:42,2026-09-21 22:25:42
170.231.255.66,1,2026-09-25 01:22:36,2026-09-25 01:22:36
170.231.32.56,1,2026-09-24 17:57:46,2026-09-24 17:57:46
170.231.4.123,1,2026-09-17 01:06:32,2026-09-17 01:06:32
170.231.65.134,1,2026-09-23 02:14:32,2026-09-23 02:14:32
170.233.242.133,1,2026-09-23 21:45:50,2026-09-23 21:45:50
170.233.243.165,1,2026-09-22 13:18:40,2026-09-22 13:18:40
170.233.35.223,1,2026-09-19 11:37:53,2026-09-19 11:37:53
170.233.45.46,1,2026-09-23 18:12:01,2026-09-23 18:12:01
170.238.191.228,1,2026-09-24 17:57:46,2026-09-24 17:57:46
170.238.191.78,1,2026-09-23 18:12:01,2026-09-23 18:12:01
170.238.228.132,1,2026-09-24 00:08:44,2026-09-24 00:08:44
170.238.50.216,1,2026-09-23 02:02:42,2026-09-23 02:02:42
170.238.80.130,1,2026-09-23 01:55:06,2026-09-23 01:55:06
170.239.114.187,1,2026-09-21 22:25:42,2026-09-21 22:25:42
170.239.159.7,1,2026-09-22 17:28:18,2026-09-22 17:28:18
170.239.200.116,1,2026-09-22 22:56:02,2026-09-22 22:56:02
170.239.214.210,1,2026-09-17 01:06:20,2026-09-17 01:06:20
170.239.36.201,1,2026-09-22 23:16:20,2026-09-22 23:16:20
170.239.70.39,1,2026-09-24 17:57:46,2026-09-24 17:57:46
170.239.81.214,1,2026-09-23 00:55:49,2026-09-23 00:55:49
170.244.150.21,1,2026-09-24 15:22:03,2026-09-24 15:22:03
170.244.153.16,1,2026-09-24 16:16:51,2026-09-24 16:16:51
170.244.186.156,1,2026-09-23 02:15:36,2026-09-23 02:15:36
170.244.215.62,1,2026-09-23 01:35:57,2026-09-23 01:35:57
170.244.215.63,1,2026-09-22 21:31:38,2026-09-22 21:31:38
170.244.234.109,1,2026-09-22 18:22:22,2026-09-22 18:22:22
170.244.75.125,1,2026-09-25 01:22:37,2026-09-25 01:22:37
170.245.124.214,1,2026-09-24 16:16:54,2026-09-24 16:16:54
170.245.158.119,1,2026-09-24 00:08:43,2026-09-24 00:08:43
170.245.232.60,1,2026-09-23 21:45:51,2026-09-23 21:45:51
170.245.81.179,1,2026-09-24 00:08:45,2026-09-24 00:08:45
170.246.208.202,1,2026-09-17 01:08:18,2026-09-17 01:08:18
170.246.211.141,1,2026-09-23 00:55:48,2026-09-23 00:55:48
170.246.233.7,1,2026-09-23 00:55:49,2026-09-23 00:55:49
170.247.0.165,1,2026-09-23 01:10:23,2026-09-23 01:10:23
170.247.100.230,1,2026-09-22 21:31:38,2026-09-22 21:31:38
170.247.103.99,1,2026-09-23 01:28:33,2026-09-23 01:28:33
170.247.114.165,1,2026-09-24 13:07:20,2026-09-24 13:07:20
170.247.156.246,1,2026-09-24 00:08:44,2026-09-24 00:08:44
170.247.189.107,1,2026-09-22 18:22:22,2026-09-22 18:22:22
170.247.201.138,1,2026-09-23 22:50:21,2026-09-23 22:50:21
170.247.210.170,1,2026-09-23 02:15:36,2026-09-23 02:15:36
170.247.38.131,1,2026-09-23 01:59:30,2026-09-23 01:59:30
170.247.38.244,1,2026-09-24 00:08:45,2026-09-24 00:08:45
170.247.38.252,1,2026-09-23 19:21:11,2026-09-23 19:21:11
170.247.38.9,1,2026-09-22 23:58:15,2026-09-22 23:58:15
170.247.40.201,1,2026-09-21 20:49:17,2026-09-21 20:49:17
170.253.24.117,1,2026-09-22 18:22:22,2026-09-22 18:22:22
170.254.146.66,1,2026-09-21 20:49:18,2026-09-21 20:49:18
170.254.174.183,1,2026-09-22 21:31:39,2026-09-22 21:31:39
170.254.203.210,1,2026-09-19 22:48:38,2026-09-19 22:48:38
170.254.227.136,1,2026-09-23 21:20:32,2026-09-23 21:20:32
170.254.31.146,1,2026-09-23 01:59:30,2026-09-23 01:59:30
170.254.39.140,1,2026-09-24 23:56:13,2026-09-24 23:56:13
170.78.118.218,1,2026-09-25 01:22:36,2026-09-25 01:22:36
170.78.119.127,1,2026-09-23 01:11:26,2026-09-23 01:11:26
170.78.119.172,1,2026-09-24 16:16:50,2026-09-24 16:16:50
170.78.119.237,1,2026-09-21 20:49:19,2026-09-21 20:49:19
170.78.119.249,1,2026-09-23 18:12:01,2026-09-23 18:12:01
170.78.119.41,1,2026-09-23 01:35:57,2026-09-23 01:35:57
170.78.20.171,1,2026-09-24 16:16:51,2026-09-24 16:16:51
170.78.244.67,1,2026-09-22 22:56:02,2026-09-22 22:56:02
170.78.249.112,1,2026-09-23 19:21:12,2026-09-23 19:21:12
170.79.80.25,1,2026-09-23 20:21:09,2026-09-23 20:21:09
170.79.90.59,1,2026-09-24 14:25:16,2026-09-24 14:25:16
170.80.15.208,1,2026-09-24 17:57:46,2026-09-24 17:57:46
170.80.15.253,1,2026-09-21 21:44:45,2026-09-21 21:44:45
170.80.221.195,1,2026-09-22 18:22:25,2026-09-22 18:22:25
170.80.225.238,1,2026-09-23 00:55:48,2026-09-23 00:55:48
170.80.244.198,1,2026-09-22 22:56:05,2026-09-22 22:56:05
170.80.245.119,1,2026-09-25 01:22:37,2026-09-25 01:22:37
170.80.39.95,1,2026-09-25 01:22:36,2026-09-25 01:22:36
170.80.55.94,1,2026-09-22 23:58:15,2026-09-22 23:58:15
170.80.82.161,1,2026-09-24 00:08:45,2026-09-24 00:08:45
170.81.211.204,1,2026-09-23 01:28:33,2026-09-23 01:28:33
170.81.222.10,1,2026-09-23 00:54:48,2026-09-23 00:54:48
170.81.222.243,1,2026-09-23 02:15:36,2026-09-23 02:15:36
170.81.223.242,1,2026-09-23 18:12:01,2026-09-23 18:12:01
170.81.224.157,1,2026-09-24 23:56:13,2026-09-24 23:56:13
170.81.63.103,1,2026-09-23 00:27:04,2026-09-23 00:27:04
170.82.201.9,1,2026-09-22 17:28:18,2026-09-22 17:28:18
170.82.52.145,1,2026-09-23 02:15:36,2026-09-23 02:15:36
170.83.127.13,1,2026-09-23 02:16:39,2026-09-23 02:16:39
170.83.170.246,1,2026-09-21 20:49:21,2026-09-21 20:49:21
170.83.174.48,1,2026-09-22 18:22:22,2026-09-22 18:22:22
170.83.2.105,1,2026-09-22 21:31:38,2026-09-22 21:31:38
170.83.2.108,1,2026-09-23 01:55:03,2026-09-23 01:55:03
170.83.226.83,1,2026-09-23 22:50:20,2026-09-23 22:50:20
170.83.36.115,1,2026-09-23 02:15:38,2026-09-23 02:15:38
170.83.44.94,1,2026-09-23 20:21:01,2026-09-23 20:21:01
170.83.72.194,1,2026-09-23 00:36:58,2026-09-23 00:36:58
170.83.96.56,1,2026-09-24 14:53:31,2026-09-24 14:53:31
170.84.146.192,1,2026-09-24 16:16:52,2026-09-24 16:16:52
170.84.146.194,1,2026-09-22 21:31:38,2026-09-22 21:31:38
170.84.147.84,1,2026-09-22 13:56:45,2026-09-22 13:56:45
170.84.154.58,1,2026-09-23 21:20:31,2026-09-23 21:20:31
170.84.216.227,1,2026-09-23 02:15:39,2026-09-23 02:15:39
170.84.255.173,1,2026-09-23 02:02:41,2026-09-23 02:02:41
170.84.58.102,1,2026-09-21 20:49:17,2026-09-21 20:49:17
170.84.85.28,1,2026-09-22 23:58:15,2026-09-22 23:58:15
170.84.92.164,1,2026-09-19 11:38:01,2026-09-19 11:38:01
170.84.94.44,1,2026-09-17 01:06:22,2026-09-17 01:06:22
171.100.25.3,1,2026-09-23 01:27:32,2026-09-23 01:27:32
171.235.228.192,1,2026-09-24 14:25:15,2026-09-24 14:25:15
171.236.69.175,1,2026-09-23 21:45:49,2026-09-23 21:45:49
171.250.161.114,1,2026-09-23 01:45:13,2026-09-23 01:45:13
171.251.236.0,1,2026-09-21 21:44:42,2026-09-21 21:44:42
171.48.96.27,1,2026-09-23 22:23:35,2026-09-23 22:23:35
171.61.16.48,1,2026-09-24 23:56:14,2026-09-24 23:56:14
171.61.23.141,1,2026-09-24 13:07:21,2026-09-24 13:07:21
171.61.29.140,1,2026-09-22 19:33:55,2026-09-22 19:33:55
171.76.110.147,1,2026-09-22 13:56:46,2026-09-22 13:56:46
171.76.110.207,1,2026-09-22 18:22:22,2026-09-22 18:22:22
172.127.143.33,1,2026-09-21 20:49:19,2026-09-21 20:49:19
172.56.244.239,1,2026-09-22 18:22:22,2026-09-22 18:22:22
172.58.254.244,1,2026-09-23 01:53:56,2026-09-23 01:53:56
172.86.159.154,1,2026-09-22 22:56:02,2026-09-22 22:56:02
173.184.96.195,1,2026-09-17 01:06:20,2026-09-17 01:06:20
173.215.150.132,1,2026-09-23 01:27:32,2026-09-23 01:27:32
173.235.38.86,1,2026-09-23 01:45:16,2026-09-23 01:45:16
173.242.129.14,1,2026-09-23 00:54:48,2026-09-23 00:54:48
173.252.166.46,1,2026-09-23 02:02:40,2026-09-23 02:02:40
173.56.198.34,1,2026-09-22 18:22:22,2026-09-22 18:22:22
173.67.248.150,1,2026-09-23 22:23:34,2026-09-23 22:23:34
174.115.48.51,1,2026-09-23 21:45:49,2026-09-23 21:45:49
174.117.124.192,1,2026-09-24 13:07:20,2026-09-24 13:07:20
174.140.77.108,1,2026-09-24 00:08:44,2026-09-24 00:08:44
174.44.12.189,1,2026-09-23 02:16:39,2026-09-23 02:16:39
175.100.182.252,1,2026-09-17 01:06:32,2026-09-17 01:06:32
175.100.48.164,1,2026-09-22 17:28:19,2026-09-22 17:28:19
175.100.52.42,1,2026-09-23 01:55:03,2026-09-23 01:55:03
175.100.59.172,1,2026-09-21 20:49:16,2026-09-21 20:49:16
175.101.15.226,1,2026-09-24 13:07:21,2026-09-24 13:07:21
175.101.33.5,1,2026-09-24 13:07:22,2026-09-24 13:07:22
175.107.216.208,1,2026-09-22 23:16:20,2026-09-22 23:16:20
175.107.221.134,1,2026-09-24 17:57:47,2026-09-24 17:57:47
175.107.247.156,1,2026-09-24 22:59:07,2026-09-24 22:59:07
175.136.143.237,1,2026-09-23 22:50:20,2026-09-23 22:50:20
175.138.132.88,1,2026-09-23 01:58:21,2026-09-23 01:58:21
175.139.95.101,1,2026-09-24 22:59:07,2026-09-24 22:59:07
175.141.226.171,1,2026-09-23 01:09:22,2026-09-23 01:09:22
175.143.58.92,1,2026-09-22 13:56:45,2026-09-22 13:56:45
175.156.156.158,1,2026-09-23 01:10:23,2026-09-23 01:10:23
175.158.204.150,1,2026-09-23 18:12:03,2026-09-23 18:12:03
176.101.194.7,1,2026-09-21 21:28:50,2026-09-21 21:28:50
176.101.216.186,1,2026-09-21 21:44:42,2026-09-21 21:44:42
176.105.201.41,1,2026-09-23 01:12:29,2026-09-23 01:12:29
176.105.204.149,1,2026-09-23 21:45:49,2026-09-23 21:45:49
176.105.221.93,1,2026-09-22 13:56:45,2026-09-22 13:56:45
176.105.222.107,1,2026-09-24 01:24:58,2026-09-24 01:24:58
176.105.237.70,1,2026-09-23 18:12:01,2026-09-23 18:12:01
176.107.50.62,1,2026-09-23 21:20:31,2026-09-23 21:20:31
176.108.106.77,1,2026-09-25 01:22:36,2026-09-25 01:22:36
176.108.124.96,1,2026-09-23 20:21:00,2026-09-23 20:21:00
176.111.177.27,1,2026-09-22 13:56:45,2026-09-22 13:56:45
176.113.212.167,1,2026-09-23 21:20:31,2026-09-23 21:20:31
176.116.101.9,1,2026-09-23 00:53:46,2026-09-23 00:53:46
176.118.149.21,1,2026-09-23 02:16:39,2026-09-23 02:16:39
176.120.100.112,1,2026-09-23 01:59:35,2026-09-23 01:59:35
176.120.100.21,1,2026-09-23 02:16:39,2026-09-23 02:16:39
176.120.101.247,1,2026-09-22 23:58:15,2026-09-22 23:58:15
176.120.111.106,1,2026-09-24 17:57:46,2026-09-24 17:57:46
176.121.5.128,1,2026-09-24 22:59:11,2026-09-24 22:59:11
176.122.105.187,1,2026-09-19 11:37:53,2026-09-19 11:37:53
176.124.134.86,1,2026-09-23 21:45:49,2026-09-23 21:45:49
176.126.131.131,1,2026-09-23 00:53:46,2026-09-23 00:53:46
176.131.166.156,1,2026-09-23 02:02:40,2026-09-23 02:02:40
176.133.241.213,1,2026-09-23 21:45:50,2026-09-23 21:45:50
176.141.100.146,1,2026-09-23 21:20:31,2026-09-23 21:20:31
176.143.60.123,1,2026-09-24 22:59:07,2026-09-24 22:59:07
176.145.177.134,1,2026-09-23 01:58:22,2026-09-23 01:58:22
176.146.219.146,1,2026-09-22 23:48:35,2026-09-22 23:48:35
176.15.186.114,1,2026-09-23 01:28:33,2026-09-23 01:28:33
176.160.204.217,1,2026-09-25 01:22:35,2026-09-25 01:22:35
176.180.37.78,1,2026-09-24 00:08:43,2026-09-24 00:08:43
176.186.95.168,1,2026-09-25 01:22:35,2026-09-25 01:22:35
176.189.70.251,1,2026-09-22 17:28:19,2026-09-22 17:28:19
176.202.206.255,1,2026-09-23 01:28:33,2026-09-23 01:28:33
176.212.226.131,1,2026-09-23 01:11:27,2026-09-23 01:11:27
176.222.61.7,1,2026-09-23 01:53:58,2026-09-23 01:53:58
176.223.103.42,1,2026-09-24 13:07:28,2026-09-24 13:07:28
176.229.25.131,1,2026-09-24 14:25:15,2026-09-24 14:25:15
176.234.191.227,1,2026-09-23 01:59:30,2026-09-23 01:59:30
176.236.226.168,1,2026-09-22 23:48:36,2026-09-22 23:48:36
176.240.248.58,1,2026-09-23 00:53:46,2026-09-23 00:53:46
176.241.148.157,1,2026-09-23 01:58:21,2026-09-23 01:58:21
176.241.84.193,1,2026-09-24 17:57:47,2026-09-24 17:57:47
176.241.84.73,1,2026-09-23 18:12:08,2026-09-23 18:12:08
176.249.171.57,1,2026-09-22 19:33:52,2026-09-22 19:33:52
176.29.229.72,1,2026-09-22 17:28:18,2026-09-22 17:28:18
176.29.250.216,1,2026-09-23 00:27:02,2026-09-23 00:27:02
176.39.57.48,1,2026-09-23 22:50:19,2026-09-23 22:50:19
176.41.44.166,1,2026-09-22 23:16:20,2026-09-22 23:16:20
176.45.74.220,1,2026-09-23 02:14:32,2026-09-23 02:14:32
176.56.66.92,1,2026-09-23 02:16:39,2026-09-23 02:16:39
176.64.68.231,1,2026-09-24 00:08:44,2026-09-24 00:08:44
176.67.11.89,1,2026-09-23 01:55:03,2026-09-23 01:55:03
176.67.16.152,1,2026-09-22 19:33:54,2026-09-22 19:33:54
176.88.126.31,1,2026-09-23 01:09:22,2026-09-23 01:09:22
176.96.248.122,1,2026-09-23 01:53:56,2026-09-23 01:53:56
176.96.249.104,1,2026-09-21 21:44:42,2026-09-21 21:44:42
176.98.71.138,1,2026-09-24 23:56:13,2026-09-24 23:56:13
176.98.92.84,1,2026-09-23 01:53:56,2026-09-23 01:53:56
177.0.207.49,1,2026-09-22 13:18:40,2026-09-22 13:18:40
177.0.212.252,1,2026-09-23 18:12:01,2026-09-23 18:12:01
177.0.218.242,1,2026-09-23 01:10:24,2026-09-23 01:10:24
177.0.54.254,1,2026-09-22 13:56:50,2026-09-22 13:56:50
177.1.152.149,1,2026-09-23 20:21:01,2026-09-23 20:21:01
177.1.162.3,1,2026-09-24 14:53:31,2026-09-24 14:53:31
177.10.129.209,1,2026-09-23 01:35:57,2026-09-23 01:35:57
177.10.161.197,1,2026-09-22 13:56:45,2026-09-22 13:56:45
177.10.162.185,1,2026-09-23 00:27:02,2026-09-23 00:27:02
177.10.214.62,1,2026-09-24 17:57:46,2026-09-24 17:57:46
177.10.236.93,1,2026-09-23 20:21:01,2026-09-23 20:21:01
177.10.238.214,1,2026-09-24 14:25:15,2026-09-24 14:25:15
177.10.69.228,1,2026-09-21 20:49:16,2026-09-21 20:49:16
177.102.134.136,1,2026-09-24 22:59:07,2026-09-24 22:59:07
177.102.81.207,1,2026-09-24 00:08:43,2026-09-24 00:08:43
177.103.53.231,1,2026-09-22 13:56:46,2026-09-22 13:56:46
177.104.0.169,1,2026-09-24 14:25:15,2026-09-24 14:25:15
177.104.18.15,1,2026-09-24 00:08:44,2026-09-24 00:08:44
177.104.21.71,1,2026-09-19 11:37:54,2026-09-19 11:37:54
177.104.239.153,1,2026-09-24 16:16:51,2026-09-24 16:16:51
177.104.250.11,1,2026-09-25 01:22:36,2026-09-25 01:22:36
177.105.205.45,1,2026-09-22 13:56:44,2026-09-22 13:56:44
177.105.244.155,1,2026-09-22 18:22:25,2026-09-22 18:22:25
177.105.244.95,1,2026-09-21 21:44:43,2026-09-21 21:44:43
177.107.68.85,1,2026-09-25 01:22:36,2026-09-25 01:22:36
177.11.18.206,1,2026-09-23 22:23:35,2026-09-23 22:23:35
177.11.28.145,1,2026-09-24 14:53:31,2026-09-24 14:53:31
177.11.84.141,1,2026-09-24 14:25:16,2026-09-24 14:25:16
177.115.13.64,1,2026-09-19 11:37:53,2026-09-19 11:37:53
177.116.164.147,1,2026-09-21 22:25:42,2026-09-21 22:25:42
177.118.164.152,1,2026-09-22 22:56:02,2026-09-22 22:56:02
177.12.159.9,1,2026-09-19 11:37:53,2026-09-19 11:37:53
177.12.182.210,1,2026-09-23 01:10:24,2026-09-23 01:10:24
177.124.0.186,1,2026-09-23 00:27:03,2026-09-23 00:27:03
177.124.11.216,1,2026-09-23 19:21:04,2026-09-23 19:21:04
177.124.14.35,1,2026-09-23 00:27:07,2026-09-23 00:27:07
177.124.149.64,1,2026-09-25 01:22:36,2026-09-25 01:22:36
177.124.149.96,1,2026-09-22 13:56:45,2026-09-22 13:56:45
177.124.50.126,1,2026-09-21 21:44:43,2026-09-21 21:44:43
177.124.75.127,1,2026-09-22 23:58:16,2026-09-22 23:58:16
177.124.78.145,1,2026-09-23 19:21:04,2026-09-23 19:21:04
177.125.120.231,1,2026-09-22 22:56:02,2026-09-22 22:56:02
177.125.174.173,1,2026-09-23 21:45:50,2026-09-23 21:45:50
177.126.115.9,1,2026-09-17 01:06:21,2026-09-17 01:06:21
177.126.219.131,1,2026-09-24 17:57:48,2026-09-24 17:57:48
177.126.219.138,1,2026-09-21 20:49:16,2026-09-21 20:49:16
177.127.120.120,1,2026-09-24 17:57:47,2026-09-24 17:57:47
177.127.214.20,1,2026-09-24 14:53:31,2026-09-24 14:53:31
177.127.51.79,1,2026-09-23 20:21:01,2026-09-23 20:21:01
177.128.176.91,1,2026-09-23 00:36:58,2026-09-23 00:36:58
177.128.252.188,1,2026-09-23 20:21:02,2026-09-23 20:21:02
177.128.3.53,1,2026-09-22 22:56:02,2026-09-22 22:56:02
177.128.89.70,1,2026-09-23 00:55:49,2026-09-23 00:55:49
177.129.25.98,1,2026-09-19 11:37:54,2026-09-19 11:37:54
177.130.188.169,1,2026-09-23 00:27:02,2026-09-23 00:27:02
177.131.117.10,1,2026-09-23 19:21:04,2026-09-23 19:21:04
177.131.124.215,1,2026-09-22 13:56:44,2026-09-22 13:56:44
177.131.164.103,1,2026-09-23 18:12:01,2026-09-23 18:12:01
177.131.169.179,1,2026-09-22 23:58:17,2026-09-22 23:58:17
177.131.196.31,1,2026-09-22 23:58:15,2026-09-22 23:58:15
177.131.31.164,1,2026-09-21 20:49:17,2026-09-21 20:49:17
177.131.59.15,1,2026-09-22 13:56:47,2026-09-22 13:56:47
177.131.75.97,1,2026-09-25 01:22:40,2026-09-25 01:22:40
177.131.94.43,1,2026-09-24 16:16:51,2026-09-24 16:16:51
177.132.143.211,1,2026-09-21 20:49:16,2026-09-21 20:49:16
177.133.203.55,1,2026-09-24 23:56:14,2026-09-24 23:56:14
177.134.101.121,1,2026-09-23 20:21:01,2026-09-23 20:21:01
177.136.100.214,1,2026-09-23 19:21:07,2026-09-23 19:21:07
177.137.145.80,1,2026-09-19 11:37:53,2026-09-19 11:37:53
177.137.82.20,1,2026-09-23 19:21:15,2026-09-23 19:21:15
177.137.83.80,1,2026-09-24 13:07:25,2026-09-24 13:07:25
177.138.100.30,1,2026-09-22 18:22:22,2026-09-22 18:22:22
177.138.120.124,1,2026-09-24 17:57:46,2026-09-24 17:57:46
177.138.156.169,1,2026-09-22 13:56:45,2026-09-22 13:56:45
177.138.180.248,1,2026-09-23 00:36:58,2026-09-23 00:36:58
177.139.11.164,1,2026-09-22 21:31:38,2026-09-22 21:31:38
177.140.106.56,1,2026-09-24 14:25:16,2026-09-24 14:25:16
177.140.15.129,1,2026-09-24 23:56:13,2026-09-24 23:56:13
177.146.151.22,1,2026-09-23 21:20:36,2026-09-23 21:20:36
177.146.201.17,1,2026-09-24 14:53:32,2026-09-24 14:53:32
177.146.228.101,1,2026-09-22 13:56:46,2026-09-22 13:56:46
177.152.87.150,1,2026-09-23 20:21:03,2026-09-23 20:21:03
177.154.234.3,1,2026-09-23 18:12:01,2026-09-23 18:12:01
177.155.81.181,1,2026-09-23 01:55:06,2026-09-23 01:55:06
177.156.187.48,1,2026-09-23 01:11:26,2026-09-23 01:11:26
177.156.70.14,1,2026-09-24 17:57:46,2026-09-24 17:57:46
177.157.109.205,1,2026-09-23 19:21:05,2026-09-23 19:21:05
177.157.139.195,1,2026-09-23 22:23:34,2026-09-23 22:23:34
177.160.163.241,1,2026-09-21 20:49:16,2026-09-21 20:49:16
177.160.187.211,1,2026-09-23 21:20:32,2026-09-23 21:20:32
177.162.185.235,1,2026-09-23 00:55:49,2026-09-23 00:55:49
177.162.65.223,1,2026-09-22 23:58:15,2026-09-22 23:58:15
177.168.201.143,1,2026-09-23 20:21:01,2026-09-23 20:21:01
177.169.134.13,1,2026-09-23 00:37:00,2026-09-23 00:37:00
177.170.121.228,1,2026-09-23 00:27:02,2026-09-23 00:27:02
177.172.114.191,1,2026-09-23 01:35:57,2026-09-23 01:35:57
177.180.57.255,1,2026-09-23 01:35:58,2026-09-23 01:35:58
177.180.58.193,1,2026-09-22 23:48:36,2026-09-22 23:48:36
177.181.3.113,1,2026-09-23 00:55:49,2026-09-23 00:55:49
177.181.3.8,1,2026-09-23 21:20:31,2026-09-23 21:20:31
177.181.5.254,1,2026-09-23 00:36:58,2026-09-23 00:36:58
177.182.148.30,1,2026-09-21 20:49:16,2026-09-21 20:49:16
177.182.81.114,1,2026-09-17 01:06:21,2026-09-17 01:06:21
177.183.155.215,1,2026-09-21 21:44:42,2026-09-21 21:44:42
177.184.217.212,1,2026-09-22 13:56:46,2026-09-22 13:56:46
177.184.71.31,1,2026-09-24 17:57:47,2026-09-24 17:57:47
177.184.71.40,1,2026-09-23 20:21:01,2026-09-23 20:21:01
177.185.118.60,1,2026-09-19 22:48:31,2026-09-19 22:48:31
177.185.20.147,1,2026-09-23 01:53:56,2026-09-23 01:53:56
177.185.43.194,1,2026-09-21 22:25:46,2026-09-21 22:25:46
177.185.45.190,1,2026-09-23 01:35:58,2026-09-23 01:35:58
177.188.125.144,1,2026-09-23 19:21:04,2026-09-23 19:21:04
177.189.3.77,1,2026-09-24 23:56:19,2026-09-24 23:56:19
177.189.85.117,1,2026-09-23 19:21:04,2026-09-23 19:21:04
177.190.179.85,1,2026-09-23 20:21:01,2026-09-23 20:21:01
177.190.217.38,1,2026-09-22 21:31:38,2026-09-22 21:31:38
177.190.77.49,1,2026-09-23 01:55:06,2026-09-23 01:55:06
177.190.78.156,1,2026-09-23 21:20:31,2026-09-23 21:20:31
177.191.116.139,1,2026-09-21 20:49:17,2026-09-21 20:49:17
177.192.20.178,1,2026-09-24 00:08:44,2026-09-24 00:08:44
177.192.228.86,1,2026-09-23 01:35:57,2026-09-23 01:35:57
177.193.213.102,1,2026-09-22 13:56:45,2026-09-22 13:56:45
177.195.32.81,1,2026-09-24 17:57:46,2026-09-24 17:57:46
177.20.183.168,1,2026-09-23 02:15:35,2026-09-23 02:15:35
177.200.155.164,1,2026-09-23 01:35:57,2026-09-23 01:35:57
177.204.39.153,1,2026-09-21 22:25:42,2026-09-21 22:25:42
177.206.124.219,1,2026-09-22 18:22:22,2026-09-22 18:22:22
177.206.72.73,1,2026-09-21 22:25:57,2026-09-21 22:25:57
177.212.106.9,1,2026-09-23 01:35:57,2026-09-23 01:35:57
177.212.234.1,1,2026-09-23 00:55:49,2026-09-23 00:55:49
177.212.248.23,1,2026-09-23 01:09:24,2026-09-23 01:09:24
177.22.126.64,1,2026-09-22 23:48:35,2026-09-22 23:48:35
177.22.172.137,1,2026-09-24 17:57:46,2026-09-24 17:57:46
177.22.172.15,1,2026-09-24 14:25:15,2026-09-24 14:25:15
177.22.174.102,1,2026-09-23 00:36:58,2026-09-23 00:36:58
177.220.182.15,1,2026-09-21 20:49:16,2026-09-21 20:49:16
177.221.180.90,1,2026-09-23 21:45:50,2026-09-23 21:45:50
177.221.186.58,1,2026-09-24 14:53:32,2026-09-24 14:53:32
177.221.230.61,1,2026-09-23 20:21:01,2026-09-23 20:21:01
177.221.231.66,1,2026-09-22 23:48:36,2026-09-22 23:48:36
177.221.234.161,1,2026-09-22 18:22:22,2026-09-22 18:22:22
177.222.128.209,1,2026-09-23 22:50:19,2026-09-23 22:50:19
177.222.128.53,1,2026-09-19 11:37:53,2026-09-19 11:37:53
177.222.215.17,1,2026-09-25 01:22:36,2026-09-25 01:22:36
177.223.105.114,1,2026-09-24 14:53:31,2026-09-24 14:53:31
177.223.21.241,1,2026-09-23 01:35:59,2026-09-23 01:35:59
177.223.246.10,1,2026-09-23 02:02:40,2026-09-23 02:02:40
177.224.43.83,1,2026-09-23 01:10:23,2026-09-23 01:10:23
177.225.84.239,1,2026-09-23 21:45:50,2026-09-23 21:45:50
177.226.160.49,1,2026-09-24 14:53:31,2026-09-24 14:53:31
177.226.162.120,1,2026-09-22 23:16:20,2026-09-22 23:16:20
177.226.72.241,1,2026-09-23 01:09:22,2026-09-23 01:09:22
177.227.42.174,1,2026-09-23 01:35:57,2026-09-23 01:35:57
177.227.62.192,1,2026-09-23 01:12:29,2026-09-23 01:12:29
177.227.69.97,1,2026-09-22 23:58:15,2026-09-22 23:58:15
177.227.76.134,1,2026-09-23 19:21:04,2026-09-23 19:21:04
177.228.197.237,1,2026-09-24 17:57:45,2026-09-24 17:57:45
177.229.183.15,1,2026-09-22 18:22:22,2026-09-22 18:22:22
177.23.117.157,1,2026-09-23 21:20:31,2026-09-23 21:20:31
177.23.117.191,1,2026-09-22 23:58:15,2026-09-22 23:58:15
177.23.158.96,1,2026-09-23 18:12:00,2026-09-23 18:12:00
177.23.232.164,1,2026-09-24 16:16:51,2026-09-24 16:16:51
177.230.18.254,1,2026-09-17 01:06:32,2026-09-17 01:06:32
177.231.202.86,1,2026-09-23 00:55:49,2026-09-23 00:55:49
177.232.85.179,1,2026-09-24 15:22:03,2026-09-24 15:22:03
177.234.190.102,1,2026-09-23 01:09:23,2026-09-23 01:09:23
177.24.30.14,1,2026-09-23 01:58:22,2026-09-23 01:58:22
177.241.181.245,1,2026-09-23 01:28:34,2026-09-23 01:28:34
177.241.37.217,1,2026-09-23 01:10:23,2026-09-23 01:10:23
177.241.56.24,1,2026-09-23 02:02:40,2026-09-23 02:02:40
177.244.169.146,1,2026-09-25 01:22:37,2026-09-25 01:22:37
177.245.183.192,1,2026-09-23 01:27:32,2026-09-23 01:27:32
177.245.201.25,1,2026-09-23 01:11:26,2026-09-23 01:11:26
177.245.223.88,1,2026-09-22 13:56:46,2026-09-22 13:56:46
177.245.240.90,1,2026-09-21 21:44:42,2026-09-21 21:44:42
177.245.252.125,1,2026-09-24 13:07:22,2026-09-24 13:07:22
177.245.255.161,1,2026-09-23 20:21:05,2026-09-23 20:21:05
177.245.67.190,1,2026-09-23 22:23:34,2026-09-23 22:23:34
177.245.73.128,1,2026-09-23 02:16:39,2026-09-23 02:16:39
177.249.168.159,1,2026-09-21 21:44:42,2026-09-21 21:44:42
177.249.169.129,1,2026-09-23 01:10:30,2026-09-23 01:10:30
177.249.174.38,1,2026-09-17 01:06:31,2026-09-17 01:06:31
177.255.239.28,1,2026-09-23 00:37:00,2026-09-23 00:37:00
177.27.228.119,1,2026-09-22 13:56:45,2026-09-22 13:56:45
177.33.141.246,1,2026-09-23 01:09:23,2026-09-23 01:09:23
177.33.142.154,1,2026-09-23 01:28:34,2026-09-23 01:28:34
177.33.143.239,1,2026-09-22 21:31:42,2026-09-22 21:31:42
177.33.168.16,1,2026-09-19 11:37:54,2026-09-19 11:37:54
177.33.232.55,1,2026-09-24 16:16:53,2026-09-24 16:16:53
177.34.168.127,1,2026-09-23 18:12:00,2026-09-23 18:12:00
177.34.189.17,1,2026-09-24 14:25:16,2026-09-24 14:25:16
177.34.247.240,1,2026-09-23 00:53:46,2026-09-23 00:53:46
177.34.51.247,1,2026-09-24 01:24:59,2026-09-24 01:24:59
177.35.4.32,1,2026-09-23 19:21:06,2026-09-23 19:21:06
177.36.70.45,1,2026-09-22 18:22:22,2026-09-22 18:22:22
177.36.9.76,1,2026-09-24 16:16:50,2026-09-24 16:16:50
177.37.127.224,1,2026-09-23 00:55:49,2026-09-23 00:55:49
177.37.130.65,1,2026-09-24 14:53:42,2026-09-24 14:53:42
177.37.145.156,1,2026-09-24 00:08:46,2026-09-24 00:08:46
177.37.17.195,1,2026-09-24 16:16:51,2026-09-24 16:16:51
177.37.214.226,1,2026-09-23 01:35:57,2026-09-23 01:35:57
177.37.22.70,1,2026-09-19 11:37:53,2026-09-19 11:37:53
177.37.88.127,1,2026-09-23 18:12:01,2026-09-23 18:12:01
177.39.117.35,1,2026-09-24 00:08:44,2026-09-24 00:08:44
177.39.126.10,1,2026-09-22 18:22:22,2026-09-22 18:22:22
177.39.206.182,1,2026-09-17 01:06:37,2026-09-17 01:06:37
177.39.95.78,1,2026-09-24 00:08:43,2026-09-24 00:08:43
177.39.97.16,1,2026-09-24 16:16:52,2026-09-24 16:16:52
177.39.99.175,1,2026-09-23 01:12:29,2026-09-23 01:12:29
177.42.160.244,1,2026-09-21 22:25:43,2026-09-21 22:25:43
177.42.239.134,1,2026-09-23 20:21:01,2026-09-23 20:21:01
177.42.252.231,1,2026-09-22 18:22:25,2026-09-22 18:22:25
177.44.15.249,1,2026-09-23 02:15:36,2026-09-23 02:15:36
177.45.1.166,1,2026-09-23 01:35:57,2026-09-23 01:35:57
177.45.61.146,1,2026-09-23 00:54:48,2026-09-23 00:54:48
177.47.168.247,1,2026-09-22 18:22:22,2026-09-22 18:22:22
177.52.30.107,1,2026-09-17 01:06:23,2026-09-17 01:06:23
177.52.83.2,1,2026-09-22 18:22:24,2026-09-22 18:22:24
177.53.146.39,1,2026-09-23 00:36:58,2026-09-23 00:36:58
177.53.62.167,1,2026-09-23 22:23:34,2026-09-23 22:23:34
177.53.77.50,1,2026-09-22 18:22:22,2026-09-22 18:22:22
177.53.81.63,1,2026-09-23 01:53:56,2026-09-23 01:53:56
177.54.193.95,1,2026-09-23 00:27:02,2026-09-23 00:27:02
177.54.199.59,1,2026-09-22 21:31:38,2026-09-22 21:31:38
177.54.205.157,1,2026-09-23 01:35:57,2026-09-23 01:35:57
177.54.207.148,1,2026-09-23 18:12:01,2026-09-23 18:12:01
177.54.207.231,1,2026-09-23 00:27:05,2026-09-23 00:27:05
177.54.54.116,1,2026-09-23 01:27:32,2026-09-23 01:27:32
177.54.57.188,1,2026-09-24 23:56:14,2026-09-24 23:56:14
177.55.177.154,1,2026-09-22 21:31:38,2026-09-22 21:31:38
177.55.225.181,1,2026-09-22 18:22:22,2026-09-22 18:22:22
177.55.231.28,1,2026-09-23 02:15:36,2026-09-23 02:15:36
177.55.231.97,1,2026-09-22 18:22:23,2026-09-22 18:22:23
177.55.77.129,1,2026-09-23 00:27:02,2026-09-23 00:27:02
177.6.164.185,1,2026-09-21 22:25:43,2026-09-21 22:25:43
177.62.227.49,1,2026-09-21 20:49:16,2026-09-21 20:49:16
177.64.36.125,1,2026-09-22 10:57:56,2026-09-22 10:57:56
177.66.167.139,1,2026-09-24 00:08:44,2026-09-24 00:08:44
177.66.223.86,1,2026-09-24 16:16:51,2026-09-24 16:16:51
177.66.50.164,1,2026-09-24 00:08:44,2026-09-24 00:08:44
177.67.164.63,1,2026-09-22 23:58:15,2026-09-22 23:58:15
177.68.216.233,1,2026-09-22 22:56:05,2026-09-22 22:56:05
177.70.241.90,1,2026-09-22 13:56:47,2026-09-22 13:56:47
177.71.30.34,1,2026-09-24 14:25:15,2026-09-24 14:25:15
177.71.95.199,1,2026-09-19 11:37:53,2026-09-19 11:37:53
177.72.109.58,1,2026-09-24 14:53:31,2026-09-24 14:53:31
177.72.110.33,1,2026-09-24 17:57:46,2026-09-24 17:57:46
177.72.195.160,1,2026-09-23 00:27:02,2026-09-23 00:27:02
177.72.224.108,1,2026-09-22 22:56:02,2026-09-22 22:56:02
177.72.227.200,1,2026-09-24 17:57:47,2026-09-24 17:57:47
177.72.231.175,1,2026-09-23 02:15:35,2026-09-23 02:15:35
177.72.26.41,1,2026-09-25 01:22:36,2026-09-25 01:22:36
177.72.85.169,1,2026-09-22 13:56:48,2026-09-22 13:56:48
177.73.191.201,1,2026-09-24 16:16:51,2026-09-24 16:16:51
177.73.42.127,1,2026-09-24 00:08:44,2026-09-24 00:08:44
177.73.43.117,1,2026-09-23 00:54:52,2026-09-23 00:54:52
177.73.43.34,1,2026-09-23 00:36:59,2026-09-23 00:36:59
177.73.49.50,1,2026-09-22 13:56:45,2026-09-22 13:56:45
177.74.108.74,1,2026-09-17 01:06:20,2026-09-17 01:06:20
177.74.113.85,1,2026-09-21 22:25:43,2026-09-21 22:25:43
177.74.209.180,1,2026-09-24 17:57:47,2026-09-24 17:57:47
177.74.210.148,1,2026-09-23 00:55:49,2026-09-23 00:55:49
177.74.239.204,1,2026-09-23 00:36:58,2026-09-23 00:36:58
177.75.105.166,1,2026-09-21 20:49:16,2026-09-21 20:49:16
177.75.105.251,1,2026-09-23 18:12:00,2026-09-23 18:12:00
177.75.110.137,1,2026-09-22 13:56:44,2026-09-22 13:56:44
177.75.148.45,1,2026-09-23 00:53:46,2026-09-23 00:53:46
177.75.240.201,1,2026-09-23 21:20:31,2026-09-23 21:20:31
177.75.52.79,1,2026-09-23 01:59:30,2026-09-23 01:59:30
177.76.16.241,1,2026-09-23 00:36:59,2026-09-23 00:36:59
177.76.174.113,1,2026-09-22 13:56:46,2026-09-22 13:56:46
177.76.220.151,1,2026-09-21 21:28:51,2026-09-21 21:28:51
177.76.3.176,1,2026-09-22 22:56:02,2026-09-22 22:56:02
177.78.58.79,1,2026-09-23 02:15:36,2026-09-23 02:15:36
177.8.134.141,1,2026-09-24 17:57:46,2026-09-24 17:57:46
177.8.141.36,1,2026-09-23 01:35:57,2026-09-23 01:35:57
177.83.171.57,1,2026-09-22 19:33:51,2026-09-22 19:33:51
177.83.232.14,1,2026-09-24 16:16:51,2026-09-24 16:16:51
177.84.1.178,1,2026-09-22 18:22:22,2026-09-22 18:22:22
177.84.158.145,1,2026-09-19 11:37:53,2026-09-19 11:37:53
177.84.216.50,1,2026-09-25 01:22:37,2026-09-25 01:22:37
177.84.234.205,1,2026-09-23 20:21:01,2026-09-23 20:21:01
177.84.241.223,1,2026-09-21 20:49:16,2026-09-21 20:49:16
177.84.245.155,1,2026-09-23 00:54:48,2026-09-23 00:54:48
177.84.31.189,1,2026-09-23 21:20:31,2026-09-23 21:20:31
177.84.36.109,1,2026-09-21 22:25:42,2026-09-21 22:25:42
177.84.39.150,1,2026-09-22 21:31:38,2026-09-22 21:31:38
177.84.47.195,1,2026-09-23 01:10:24,2026-09-23 01:10:24
177.84.65.166,1,2026-09-23 02:15:35,2026-09-23 02:15:35
177.85.190.6,1,2026-09-23 01:11:26,2026-09-23 01:11:26
177.86.101.90,1,2026-09-24 23:56:14,2026-09-24 23:56:14
177.86.107.221,1,2026-09-23 19:21:05,2026-09-23 19:21:05
177.86.169.5,1,2026-09-23 01:35:57,2026-09-23 01:35:57
177.86.169.99,1,2026-09-23 01:09:22,2026-09-23 01:09:22
177.86.170.107,1,2026-09-25 01:22:36,2026-09-25 01:22:36
177.86.177.173,1,2026-09-22 13:56:46,2026-09-22 13:56:46
177.86.29.207,1,2026-09-23 19:21:16,2026-09-23 19:21:16
177.87.169.200,1,2026-09-23 18:12:02,2026-09-23 18:12:02
177.87.32.12,1,2026-09-23 02:14:32,2026-09-23 02:14:32
177.87.32.232,1,2026-09-22 22:56:07,2026-09-22 22:56:07
177.87.33.161,1,2026-09-24 17:57:46,2026-09-24 17:57:46
177.87.33.38,1,2026-09-19 11:37:54,2026-09-19 11:37:54
177.9.134.120,1,2026-09-24 22:59:07,2026-09-24 22:59:07
177.9.164.119,1,2026-09-21 20:49:16,2026-09-21 20:49:16
177.92.51.251,1,2026-09-22 13:56:45,2026-09-22 13:56:45
177.93.149.11,1,2026-09-23 00:54:48,2026-09-23 00:54:48
177.93.78.69,1,2026-09-22 13:56:49,2026-09-22 13:56:49
177.94.136.121,1,2026-09-23 02:17:07,2026-09-23 02:17:07
177.94.138.213,1,2026-09-23 01:35:57,2026-09-23 01:35:57
177.94.61.26,1,2026-09-22 22:56:02,2026-09-22 22:56:02
177.94.86.230,1,2026-09-23 02:15:36,2026-09-23 02:15:36
177.96.30.201,1,2026-09-23 18:12:00,2026-09-23 18:12:00
177.97.120.219,1,2026-09-23 01:10:23,2026-09-23 01:10:23
177.98.144.223,1,2026-09-25 01:22:36,2026-09-25 01:22:36
178.120.48.99,1,2026-09-22 17:28:20,2026-09-22 17:28:20
178.121.147.93,1,2026-09-23 01:55:03,2026-09-23 01:55:03
178.121.32.193,1,2026-09-23 01:09:25,2026-09-23 01:09:25
178.135.23.150,1,2026-09-24 14:53:33,2026-09-24 14:53:33
178.152.14.126,1,2026-09-23 01:11:26,2026-09-23 01:11:26
178.153.127.14,1,2026-09-23 00:54:47,2026-09-23 00:54:47
178.159.208.249,1,2026-09-23 01:45:16,2026-09-23 01:45:16
178.159.219.192,1,2026-09-22 23:58:15,2026-09-22 23:58:15
178.165.45.94,1,2026-09-22 19:33:51,2026-09-22 19:33:51
178.165.50.39,1,2026-09-23 01:12:28,2026-09-23 01:12:28
178.168.96.152,1,2026-09-22 13:56:45,2026-09-22 13:56:45
178.169.0.6,1,2026-09-23 22:23:35,2026-09-23 22:23:35
178.172.246.246,1,2026-09-23 01:09:22,2026-09-23 01:09:22
178.175.68.161,1,2026-09-23 01:09:22,2026-09-23 01:09:22
178.210.224.226,1,2026-09-23 01:12:28,2026-09-23 01:12:28
178.210.230.242,1,2026-09-23 02:16:41,2026-09-23 02:16:41
178.210.230.59,1,2026-09-22 17:28:18,2026-09-22 17:28:18
178.216.13.28,1,2026-09-23 02:16:39,2026-09-23 02:16:39
178.220.176.57,1,2026-09-23 01:09:22,2026-09-23 01:09:22
178.239.163.114,1,2026-09-23 02:14:32,2026-09-23 02:14:32
178.251.109.247,1,2026-09-24 14:25:15,2026-09-24 14:25:15
178.251.111.14,1,2026-09-22 10:57:56,2026-09-22 10:57:56
178.34.151.124,1,2026-09-21 21:44:43,2026-09-21 21:44:43
178.34.151.195,1,2026-09-23 22:50:19,2026-09-23 22:50:19
178.34.34.198,1,2026-09-23 22:50:19,2026-09-23 22:50:19
178.45.166.181,1,2026-09-23 01:58:22,2026-09-23 01:58:22
178.54.16.218,1,2026-09-24 23:56:13,2026-09-24 23:56:13
178.74.109.149,1,2026-09-23 01:28:33,2026-09-23 01:28:33
178.86.236.223,1,2026-09-23 01:11:27,2026-09-23 01:11:27
178.86.240.87,1,2026-09-24 23:56:13,2026-09-24 23:56:13
178.88.133.19,1,2026-09-23 01:12:29,2026-09-23 01:12:29
178.91.92.25,1,2026-09-22 17:28:19,2026-09-22 17:28:19
179.0.127.207,1,2026-09-21 22:25:42,2026-09-21 22:25:42
179.0.127.95,1,2026-09-23 01:27:32,2026-09-23 01:27:32
179.1.122.99,1,2026-09-24 23:56:13,2026-09-24 23:56:13
179.1.203.212,1,2026-09-23 01:58:21,2026-09-23 01:58:21
179.1.210.214,1,2026-09-23 01:35:57,2026-09-23 01:35:57
179.1.210.93,1,2026-09-19 22:48:30,2026-09-19 22:48:30
179.1.221.28,1,2026-09-23 01:35:57,2026-09-23 01:35:57
179.1.224.48,1,2026-09-23 01:53:56,2026-09-23 01:53:56
179.1.78.182,1,2026-09-21 20:49:18,2026-09-21 20:49:18
179.1.78.226,1,2026-09-21 20:49:17,2026-09-21 20:49:17
179.101.136.41,1,2026-09-24 16:16:51,2026-09-24 16:16:51
179.101.140.43,1,2026-09-23 21:20:31,2026-09-23 21:20:31
179.104.188.246,1,2026-09-23 18:12:01,2026-09-23 18:12:01
179.104.33.255,1,2026-09-22 22:56:02,2026-09-22 22:56:02
179.106.179.68,1,2026-09-23 21:20:31,2026-09-23 21:20:31
179.106.73.254,1,2026-09-24 16:16:51,2026-09-24 16:16:51
179.106.84.229,1,2026-09-24 14:25:16,2026-09-24 14:25:16
179.108.241.16,1,2026-09-24 00:08:44,2026-09-24 00:08:44
179.108.99.137,1,2026-09-23 01:27:32,2026-09-23 01:27:32
179.109.193.190,1,2026-09-19 11:37:54,2026-09-19 11:37:54
179.109.196.34,1,2026-09-22 13:56:44,2026-09-22 13:56:44
179.110.135.42,1,2026-09-22 13:56:44,2026-09-22 13:56:44
179.111.175.223,1,2026-09-22 13:56:44,2026-09-22 13:56:44
179.111.69.25,1,2026-09-23 00:36:58,2026-09-23 00:36:58
179.116.38.210,1,2026-09-24 00:08:44,2026-09-24 00:08:44
179.124.169.17,1,2026-09-23 20:21:01,2026-09-23 20:21:01
179.124.188.40,1,2026-09-24 13:07:21,2026-09-24 13:07:21
179.124.214.10,1,2026-09-21 20:49:17,2026-09-21 20:49:17
179.125.116.145,1,2026-09-22 23:16:20,2026-09-22 23:16:20
179.125.129.202,1,2026-09-24 17:57:45,2026-09-24 17:57:45
179.125.133.92,1,2026-09-23 01:28:33,2026-09-23 01:28:33
179.125.145.155,1,2026-09-22 18:22:22,2026-09-22 18:22:22
179.125.145.29,1,2026-09-22 22:56:02,2026-09-22 22:56:02
179.125.146.197,1,2026-09-23 00:55:48,2026-09-23 00:55:48
179.125.150.153,1,2026-09-23 20:21:01,2026-09-23 20:21:01
179.125.154.103,1,2026-09-21 22:08:43,2026-09-21 22:08:43
179.125.225.53,1,2026-09-17 01:06:22,2026-09-17 01:06:22
179.125.243.199,1,2026-09-22 13:56:44,2026-09-22 13:56:44
179.125.247.168,1,2026-09-22 22:56:03,2026-09-22 22:56:03
179.125.247.61,1,2026-09-23 01:28:33,2026-09-23 01:28:33
179.125.33.33,1,2026-09-22 23:16:20,2026-09-22 23:16:20
179.125.54.175,1,2026-09-21 22:25:43,2026-09-21 22:25:43
179.126.121.83,1,2026-09-23 02:02:40,2026-09-23 02:02:40
179.126.173.222,1,2026-09-22 13:56:45,2026-09-22 13:56:45
179.126.180.174,1,2026-09-23 01:55:04,2026-09-23 01:55:04
179.126.196.239,1,2026-09-22 21:31:38,2026-09-22 21:31:38
179.127.104.64,1,2026-09-23 02:15:36,2026-09-23 02:15:36
179.127.130.82,1,2026-09-19 11:37:53,2026-09-19 11:37:53
179.127.249.119,1,2026-09-23 01:28:34,2026-09-23 01:28:34
179.127.251.95,1,2026-09-21 21:28:55,2026-09-21 21:28:55
179.127.253.41,1,2026-09-24 00:08:44,2026-09-24 00:08:44
179.129.244.175,1,2026-09-24 16:16:51,2026-09-24 16:16:51
179.135.238.60,1,2026-09-23 01:58:21,2026-09-23 01:58:21
179.136.102.59,1,2026-09-23 21:20:32,2026-09-23 21:20:32
179.14.134.61,1,2026-09-23 02:14:32,2026-09-23 02:14:32
179.14.94.13,1,2026-09-23 19:21:04,2026-09-23 19:21:04
179.146.37.254,1,2026-09-23 00:55:49,2026-09-23 00:55:49
179.146.72.156,1,2026-09-19 11:37:53,2026-09-19 11:37:53
179.147.143.156,1,2026-09-22 19:33:51,2026-09-22 19:33:51
179.151.243.217,1,2026-09-23 02:15:36,2026-09-23 02:15:36
179.152.174.209,1,2026-09-22 23:48:35,2026-09-22 23:48:35
179.154.168.247,1,2026-09-23 01:27:32,2026-09-23 01:27:32
179.154.171.48,1,2026-09-24 17:57:46,2026-09-24 17:57:46
179.159.14.214,1,2026-09-23 02:15:36,2026-09-23 02:15:36
179.162.199.76,1,2026-09-23 01:35:57,2026-09-23 01:35:57
179.165.159.25,1,2026-09-23 02:02:41,2026-09-23 02:02:41
179.165.66.254,1,2026-09-22 23:16:20,2026-09-22 23:16:20
179.167.13.26,1,2026-09-23 19:21:04,2026-09-23 19:21:04
179.167.24.84,1,2026-09-24 00:08:43,2026-09-24 00:08:43
179.179.192.10,1,2026-09-22 23:16:20,2026-09-22 23:16:20
179.179.82.243,1,2026-09-23 21:20:33,2026-09-23 21:20:33
179.183.166.156,1,2026-09-23 21:20:37,2026-09-23 21:20:37
179.187.194.149,1,2026-09-23 01:35:57,2026-09-23 01:35:57
179.189.150.240,1,2026-09-23 00:55:24,2026-09-23 00:55:24
179.189.200.171,1,2026-09-22 13:56:45,2026-09-22 13:56:45
179.189.240.137,1,2026-09-22 13:56:46,2026-09-22 13:56:46
179.189.47.106,1,2026-09-25 01:22:36,2026-09-25 01:22:36
179.189.76.253,1,2026-09-22 21:31:39,2026-09-22 21:31:39
179.190.104.141,1,2026-09-22 17:28:19,2026-09-22 17:28:19
179.190.122.60,1,2026-09-21 20:49:16,2026-09-21 20:49:16
179.191.215.151,1,2026-09-24 00:08:44,2026-09-24 00:08:44
179.191.217.13,1,2026-09-24 13:07:20,2026-09-24 13:07:20
179.2.103.107,1,2026-09-23 01:11:26,2026-09-23 01:11:26
179.208.43.195,1,2026-09-23 18:12:01,2026-09-23 18:12:01
179.209.0.188,1,2026-09-23 01:59:31,2026-09-23 01:59:31
179.209.47.19,1,2026-09-23 00:36:58,2026-09-23 00:36:58
179.209.47.210,1,2026-09-23 21:45:51,2026-09-23 21:45:51
179.211.122.22,1,2026-09-23 22:50:19,2026-09-23 22:50:19
179.214.245.25,1,2026-09-22 21:31:39,2026-09-22 21:31:39
179.215.115.57,1,2026-09-22 23:58:15,2026-09-22 23:58:15
179.215.121.12,1,2026-09-23 01:11:26,2026-09-23 01:11:26
179.215.122.227,1,2026-09-23 00:36:58,2026-09-23 00:36:58
179.216.88.166,1,2026-09-23 01:12:29,2026-09-23 01:12:29
179.217.101.218,1,2026-09-22 22:56:02,2026-09-22 22:56:02
179.217.153.132,1,2026-09-22 17:28:18,2026-09-22 17:28:18
179.217.248.226,1,2026-09-22 23:58:15,2026-09-22 23:58:15
179.218.14.107,1,2026-09-25 01:22:36,2026-09-25 01:22:36
179.218.96.103,1,2026-09-23 19:21:06,2026-09-23 19:21:06
179.221.200.242,1,2026-09-25 01:22:36,2026-09-25 01:22:36
179.221.201.78,1,2026-09-22 22:56:02,2026-09-22 22:56:02
179.221.50.179,1,2026-09-23 20:21:01,2026-09-23 20:21:01
179.222.189.239,1,2026-09-23 01:55:04,2026-09-23 01:55:04
179.222.237.109,1,2026-09-22 18:22:22,2026-09-22 18:22:22
179.223.204.142,1,2026-09-23 21:45:51,2026-09-23 21:45:51
179.225.32.195,1,2026-09-25 01:22:36,2026-09-25 01:22:36
179.228.181.185,1,2026-09-24 17:57:46,2026-09-24 17:57:46
179.234.162.87,1,2026-09-22 23:48:35,2026-09-22 23:48:35
179.235.3.110,1,2026-09-19 11:37:54,2026-09-19 11:37:54
179.236.203.229,1,2026-09-23 01:28:34,2026-09-23 01:28:34
179.238.1.44,1,2026-09-23 21:45:50,2026-09-23 21:45:50
179.238.3.128,1,2026-09-21 21:44:47,2026-09-21 21:44:47
179.238.3.249,1,2026-09-23 01:28:36,2026-09-23 01:28:36
179.238.43.23,1,2026-09-21 22:25:42,2026-09-21 22:25:42
179.238.93.81,1,2026-09-23 20:21:01,2026-09-23 20:21:01
179.246.198.127,1,2026-09-25 01:22:36,2026-09-25 01:22:36
179.247.167.133,1,2026-09-23 00:54:48,2026-09-23 00:54:48
179.247.175.165,1,2026-09-24 01:25:00,2026-09-24 01:25:00
179.247.247.170,1,2026-09-23 18:12:00,2026-09-23 18:12:00
179.253.14.96,1,2026-09-22 23:58:15,2026-09-22 23:58:15
179.254.59.151,1,2026-09-22 13:56:44,2026-09-22 13:56:44
179.26.60.83,1,2026-09-22 23:58:15,2026-09-22 23:58:15
179.32.194.246,1,2026-09-23 01:59:31,2026-09-23 01:59:31
179.42.1.4,1,2026-09-23 19:21:07,2026-09-23 19:21:07
179.42.126.183,1,2026-09-22 13:56:49,2026-09-22 13:56:49
179.42.127.139,1,2026-09-23 01:45:13,2026-09-23 01:45:13
179.42.133.183,1,2026-09-22 22:56:03,2026-09-22 22:56:03
179.42.29.208,1,2026-09-24 01:25:08,2026-09-24 01:25:08
179.48.110.168,1,2026-09-24 22:59:07,2026-09-24 22:59:07
179.48.171.184,1,2026-09-24 22:59:07,2026-09-24 22:59:07
179.48.3.5,1,2026-09-23 22:23:33,2026-09-23 22:23:33
179.48.84.241,1,2026-09-23 01:27:35,2026-09-23 01:27:35
179.49.191.4,1,2026-09-24 16:16:51,2026-09-24 16:16:51
179.49.244.180,1,2026-09-22 13:56:45,2026-09-22 13:56:45
179.49.51.99,1,2026-09-23 02:02:40,2026-09-23 02:02:40
179.51.174.36,1,2026-09-23 00:53:46,2026-09-23 00:53:46
179.53.110.42,1,2026-09-23 01:28:36,2026-09-23 01:28:36
179.54.148.82,1,2026-09-24 14:25:15,2026-09-24 14:25:15
179.57.198.58,1,2026-09-23 02:16:39,2026-09-23 02:16:39
179.6.109.166,1,2026-09-23 02:16:39,2026-09-23 02:16:39
179.6.6.185,1,2026-09-23 01:59:30,2026-09-23 01:59:30
179.6.6.45,1,2026-09-23 01:10:23,2026-09-23 01:10:23
179.60.130.39,1,2026-09-24 00:08:43,2026-09-24 00:08:43
179.60.253.251,1,2026-09-24 14:25:16,2026-09-24 14:25:16
179.60.68.92,1,2026-09-23 01:59:30,2026-09-23 01:59:30
179.60.73.81,1,2026-09-23 22:23:34,2026-09-23 22:23:34
179.60.84.225,1,2026-09-23 01:55:03,2026-09-23 01:55:03
179.60.85.106,1,2026-09-23 21:45:50,2026-09-23 21:45:50
179.60.85.22,1,2026-09-24 22:59:07,2026-09-24 22:59:07
179.60.88.109,1,2026-09-24 14:25:16,2026-09-24 14:25:16
179.60.89.230,1,2026-09-23 21:45:50,2026-09-23 21:45:50
179.63.113.96,1,2026-09-23 01:27:32,2026-09-23 01:27:32
179.63.12.249,1,2026-09-19 11:37:53,2026-09-19 11:37:53
179.63.13.245,1,2026-09-22 17:28:18,2026-09-22 17:28:18
179.65.221.17,1,2026-09-23 01:55:03,2026-09-23 01:55:03
179.87.251.53,1,2026-09-23 01:59:30,2026-09-23 01:59:30
179.9.40.59,1,2026-09-22 23:16:20,2026-09-22 23:16:20
179.90.236.120,1,2026-09-21 22:25:43,2026-09-21 22:25:43
179.93.149.212,1,2026-09-23 00:27:02,2026-09-23 00:27:02
179.94.167.163,1,2026-09-21 20:49:16,2026-09-21 20:49:16
179.94.172.13,1,2026-09-22 18:22:22,2026-09-22 18:22:22
179.94.172.45,1,2026-09-23 00:55:49,2026-09-23 00:55:49
179.97.173.190,1,2026-09-22 13:56:47,2026-09-22 13:56:47
179.98.81.78,1,2026-09-23 01:28:37,2026-09-23 01:28:37
180.149.219.122,1,2026-09-25 01:22:36,2026-09-25 01:22:36
180.149.219.184,1,2026-09-23 01:09:22,2026-09-23 01:09:22
180.149.234.140,1,2026-09-23 22:23:33,2026-09-23 22:23:33
180.173.120.176,1,2026-09-22 18:22:23,2026-09-22 18:22:23
180.183.249.218,1,2026-09-24 17:57:53,2026-09-24 17:57:53
180.190.170.81,1,2026-09-21 21:28:50,2026-09-21 21:28:50
180.190.48.209,1,2026-09-24 14:25:16,2026-09-24 14:25:16
180.191.85.176,1,2026-09-24 13:07:20,2026-09-24 13:07:20
180.214.128.168,1,2026-09-22 23:58:15,2026-09-22 23:58:15
180.235.118.61,1,2026-09-21 21:44:47,2026-09-21 21:44:47
180.242.193.215,1,2026-09-24 13:07:20,2026-09-24 13:07:20
180.243.39.226,1,2026-09-22 13:56:49,2026-09-22 13:56:49
180.245.12.83,1,2026-09-24 16:16:50,2026-09-24 16:16:50
180.249.155.57,1,2026-09-24 14:25:16,2026-09-24 14:25:16
180.251.180.165,1,2026-09-24 01:24:59,2026-09-24 01:24:59
180.74.175.25,1,2026-09-22 13:56:46,2026-09-22 13:56:46
180.74.225.121,1,2026-09-23 01:09:22,2026-09-23 01:09:22
180.74.67.21,1,2026-09-24 17:57:46,2026-09-24 17:57:46
180.74.69.123,1,2026-09-22 13:56:47,2026-09-22 13:56:47
180.75.233.226,1,2026-09-22 13:18:39,2026-09-22 13:18:39
180.75.247.62,1,2026-09-17 01:06:36,2026-09-17 01:06:36
180.75.46.20,1,2026-09-23 01:11:26,2026-09-23 01:11:26
180.94.28.201,1,2026-09-22 22:56:02,2026-09-22 22:56:02
181.114.176.185,1,2026-09-23 01:27:32,2026-09-23 01:27:32
181.114.176.86,1,2026-09-24 22:59:08,2026-09-24 22:59:08
181.114.191.250,1,2026-09-23 22:50:20,2026-09-23 22:50:20
181.115.132.6,1,2026-09-23 22:23:36,2026-09-23 22:23:36
181.115.197.181,1,2026-09-23 01:28:33,2026-09-23 01:28:33
181.118.157.87,1,2026-09-23 01:53:56,2026-09-23 01:53:56
181.118.222.126,1,2026-09-23 01:28:33,2026-09-23 01:28:33
181.121.76.45,1,2026-09-23 01:53:56,2026-09-23 01:53:56
181.123.197.236,1,2026-09-23 01:09:23,2026-09-23 01:09:23
181.124.186.64,1,2026-09-23 01:58:21,2026-09-23 01:58:21
181.127.99.179,1,2026-09-22 19:33:51,2026-09-22 19:33:51
181.136.164.6,1,2026-09-23 01:28:33,2026-09-23 01:28:33
181.136.250.155,1,2026-09-22 17:28:18,2026-09-22 17:28:18
181.138.193.30,1,2026-09-22 23:16:20,2026-09-22 23:16:20
181.142.101.231,1,2026-09-23 01:28:34,2026-09-23 01:28:34
181.16.220.77,1,2026-09-23 00:53:48,2026-09-23 00:53:48
181.160.245.70,1,2026-09-23 00:36:58,2026-09-23 00:36:58
181.161.113.133,1,2026-09-23 01:58:21,2026-09-23 01:58:21
181.161.216.212,1,2026-09-23 00:27:02,2026-09-23 00:27:02
181.162.222.190,1,2026-09-24 14:25:16,2026-09-24 14:25:16
181.174.231.171,1,2026-09-23 19:21:04,2026-09-23 19:21:04
181.174.231.178,1,2026-09-19 22:48:32,2026-09-19 22:48:32
181.174.251.135,1,2026-09-23 21:20:31,2026-09-23 21:20:31
181.176.231.143,1,2026-09-23 01:59:30,2026-09-23 01:59:30
181.177.144.161,1,2026-09-22 19:33:51,2026-09-22 19:33:51
181.178.25.121,1,2026-09-23 01:55:03,2026-09-23 01:55:03
181.188.160.233,1,2026-09-22 10:57:54,2026-09-22 10:57:54
181.188.170.140,1,2026-09-22 10:57:54,2026-09-22 10:57:54
181.188.179.239,1,2026-09-23 02:14:32,2026-09-23 02:14:32
181.189.117.145,1,2026-09-22 21:31:38,2026-09-22 21:31:38
181.191.148.79,1,2026-09-23 19:21:04,2026-09-23 19:21:04
181.196.72.152,1,2026-09-24 14:25:16,2026-09-24 14:25:16
181.196.88.101,1,2026-09-22 13:56:46,2026-09-22 13:56:46
181.197.15.95,1,2026-09-21 21:44:42,2026-09-21 21:44:42
181.199.60.22,1,2026-09-22 18:22:22,2026-09-22 18:22:22
181.204.34.42,1,2026-09-23 01:45:16,2026-09-23 01:45:16
181.204.64.186,1,2026-09-23 01:10:25,2026-09-23 01:10:25
181.209.116.134,1,2026-09-23 01:10:28,2026-09-23 01:10:28
181.211.219.34,1,2026-09-23 01:35:57,2026-09-23 01:35:57
181.216.136.122,1,2026-09-23 01:59:30,2026-09-23 01:59:30
181.216.35.131,1,2026-09-21 22:25:42,2026-09-21 22:25:42
181.220.109.228,1,2026-09-22 13:56:44,2026-09-22 13:56:44
181.224.170.98,1,2026-09-21 20:49:16,2026-09-21 20:49:16
181.225.218.163,1,2026-09-23 01:28:33,2026-09-23 01:28:33
181.232.154.103,1,2026-09-23 22:50:19,2026-09-23 22:50:19
181.232.203.57,1,2026-09-23 02:02:40,2026-09-23 02:02:40
181.232.209.191,1,2026-09-23 01:55:03,2026-09-23 01:55:03
181.233.106.188,1,2026-09-19 11:37:53,2026-09-19 11:37:53
181.233.106.244,1,2026-09-22 23:48:35,2026-09-22 23:48:35
181.233.113.240,1,2026-09-23 01:35:58,2026-09-23 01:35:58
181.233.19.155,1,2026-09-24 14:53:31,2026-09-24 14:53:31
181.236.114.75,1,2026-09-21 20:49:16,2026-09-21 20:49:16
181.236.157.0,1,2026-09-22 23:16:20,2026-09-22 23:16:20
181.32.20.116,1,2026-09-23 01:59:30,2026-09-23 01:59:30
181.39.28.251,1,2026-09-21 22:08:43,2026-09-21 22:08:43
181.40.53.30,1,2026-09-22 19:33:52,2026-09-22 19:33:52
181.40.78.93,1,2026-09-22 19:33:52,2026-09-22 19:33:52
181.50.104.241,1,2026-09-23 01:54:03,2026-09-23 01:54:03
181.52.226.3,1,2026-09-21 20:49:16,2026-09-21 20:49:16
181.53.96.114,1,2026-09-23 01:11:27,2026-09-23 01:11:27
181.53.99.141,1,2026-09-23 01:12:28,2026-09-23 01:12:28
181.53.99.164,1,2026-09-24 00:08:45,2026-09-24 00:08:45
181.53.99.69,1,2026-09-24 00:08:43,2026-09-24 00:08:43
181.55.22.188,1,2026-09-24 01:25:00,2026-09-24 01:25:00
181.55.68.25,1,2026-09-24 14:25:16,2026-09-24 14:25:16
181.58.141.90,1,2026-09-22 13:56:47,2026-09-22 13:56:47
181.59.2.214,1,2026-09-24 14:53:31,2026-09-24 14:53:31
181.61.246.96,1,2026-09-23 02:15:35,2026-09-23 02:15:35
181.62.53.16,1,2026-09-22 19:33:51,2026-09-22 19:33:51
181.63.24.11,1,2026-09-23 21:20:31,2026-09-23 21:20:31
181.63.24.135,1,2026-09-22 13:56:45,2026-09-22 13:56:45
181.63.25.165,1,2026-09-23 19:21:06,2026-09-23 19:21:06
181.63.25.228,1,2026-09-17 01:06:31,2026-09-17 01:06:31
181.67.147.202,1,2026-09-24 01:24:59,2026-09-24 01:24:59
181.71.243.11,1,2026-09-23 01:28:33,2026-09-23 01:28:33
182.10.137.135,1,2026-09-22 19:33:51,2026-09-22 19:33:51
182.10.169.12,1,2026-09-21 20:49:18,2026-09-21 20:49:18
182.10.97.19,1,2026-09-21 21:44:42,2026-09-21 21:44:42
182.10.99.242,1,2026-09-23 00:53:47,2026-09-23 00:53:47
182.177.105.38,1,2026-09-17 01:06:34,2026-09-17 01:06:34
182.178.32.110,1,2026-09-23 01:59:36,2026-09-23 01:59:36
182.185.81.135,1,2026-09-23 00:27:02,2026-09-23 00:27:02
182.186.99.120,1,2026-09-23 19:21:04,2026-09-23 19:21:04
182.189.224.9,1,2026-09-22 21:31:40,2026-09-22 21:31:40
182.189.93.209,1,2026-09-24 22:59:07,2026-09-24 22:59:07
182.189.95.184,1,2026-09-23 01:53:58,2026-09-23 01:53:58
182.190.132.212,1,2026-09-22 23:58:15,2026-09-22 23:58:15
182.190.195.14,1,2026-09-22 23:58:15,2026-09-22 23:58:15
182.190.204.46,1,2026-09-22 23:58:15,2026-09-22 23:58:15
182.190.205.190,1,2026-09-21 21:28:53,2026-09-21 21:28:53
182.252.76.74,1,2026-09-23 02:16:39,2026-09-23 02:16:39
182.253.116.25,1,2026-09-22 13:56:45,2026-09-22 13:56:45
182.253.133.184,1,2026-09-23 01:45:13,2026-09-23 01:45:13
182.253.57.150,1,2026-09-23 00:53:46,2026-09-23 00:53:46
182.253.58.75,1,2026-09-21 21:44:42,2026-09-21 21:44:42
182.48.208.136,1,2026-09-22 17:28:18,2026-09-22 17:28:18
182.48.231.209,1,2026-09-19 11:37:53,2026-09-19 11:37:53
182.48.67.2,1,2026-09-23 00:55:48,2026-09-23 00:55:48
182.48.67.61,1,2026-09-17 01:06:19,2026-09-17 01:06:19
182.48.76.26,1,2026-09-22 17:28:18,2026-09-22 17:28:18
182.53.204.203,1,2026-09-21 21:44:42,2026-09-21 21:44:42
182.63.41.208,1,2026-09-22 19:33:51,2026-09-22 19:33:51
182.64.87.7,1,2026-09-23 02:14:34,2026-09-23 02:14:34
182.68.6.51,1,2026-09-22 13:56:46,2026-09-22 13:56:46
182.69.182.216,1,2026-09-22 23:16:25,2026-09-22 23:16:25
182.69.182.98,1,2026-09-22 17:28:21,2026-09-22 17:28:21
182.69.48.12,1,2026-09-23 00:27:02,2026-09-23 00:27:02
182.77.65.50,1,2026-09-24 23:56:15,2026-09-24 23:56:15
182.77.66.84,1,2026-09-23 02:15:35,2026-09-23 02:15:35
182.77.71.168,1,2026-09-24 01:24:59,2026-09-24 01:24:59
182.77.73.80,1,2026-09-22 13:56:45,2026-09-22 13:56:45
182.77.74.241,1,2026-09-24 22:59:10,2026-09-24 22:59:10
182.8.179.254,1,2026-09-23 01:10:42,2026-09-23 01:10:42
182.9.231.207,1,2026-09-24 13:07:20,2026-09-24 13:07:20
182.9.34.165,1,2026-09-17 01:06:20,2026-09-17 01:06:20
182.9.48.39,1,2026-09-23 00:55:14,2026-09-23 00:55:14
183.171.97.189,1,2026-09-23 01:27:33,2026-09-23 01:27:33
183.225.41.170,1,2026-09-23 01:45:13,2026-09-23 01:45:13
183.88.11.24,1,2026-09-23 00:53:46,2026-09-23 00:53:46
183.88.2.104,1,2026-09-22 13:56:45,2026-09-22 13:56:45
184.22.131.25,1,2026-09-24 14:25:15,2026-09-24 14:25:15
184.22.151.96,1,2026-09-19 11:37:53,2026-09-19 11:37:53
185.109.54.92,1,2026-09-23 01:45:13,2026-09-23 01:45:13
185.115.37.62,1,2026-09-22 23:58:15,2026-09-22 23:58:15
185.117.240.75,1,2026-09-24 00:08:43,2026-09-24 00:08:43
185.117.98.22,1,2026-09-23 01:27:33,2026-09-23 01:27:33
185.122.252.52,1,2026-09-23 01:10:23,2026-09-23 01:10:23
185.122.255.152,1,2026-09-23 01:28:33,2026-09-23 01:28:33
185.128.38.3,1,2026-09-23 02:16:39,2026-09-23 02:16:39
185.130.139.31,1,2026-09-23 00:53:46,2026-09-23 00:53:46
185.130.139.37,1,2026-09-24 16:16:50,2026-09-24 16:16:50
185.132.31.203,1,2026-09-24 22:59:07,2026-09-24 22:59:07
185.139.138.168,1,2026-09-22 13:56:49,2026-09-22 13:56:49
185.146.112.55,1,2026-09-23 02:02:40,2026-09-23 02:02:40
185.146.112.93,1,2026-09-23 01:11:27,2026-09-23 01:11:27
185.146.113.17,1,2026-09-23 02:14:33,2026-09-23 02:14:33
185.146.113.7,1,2026-09-22 10:57:54,2026-09-22 10:57:54
185.146.212.3,1,2026-09-23 01:59:30,2026-09-23 01:59:30
185.147.102.91,1,2026-09-22 13:18:42,2026-09-22 13:18:42
185.15.38.48,1,2026-09-24 23:56:16,2026-09-24 23:56:16
185.151.84.206,1,2026-09-23 00:55:48,2026-09-23 00:55:48
185.157.121.179,1,2026-09-23 02:16:39,2026-09-23 02:16:39
185.158.23.178,1,2026-09-23 02:02:40,2026-09-23 02:02:40
185.159.163.184,1,2026-09-23 01:12:28,2026-09-23 01:12:28
185.166.24.188,1,2026-09-23 22:23:35,2026-09-23 22:23:35
185.169.7.220,1,2026-09-24 22:59:08,2026-09-24 22:59:08
185.17.124.169,1,2026-09-23 01:10:23,2026-09-23 01:10:23
185.175.33.181,1,2026-09-23 01:28:33,2026-09-23 01:28:33
185.18.126.211,1,2026-09-23 01:12:28,2026-09-23 01:12:28
185.18.230.192,1,2026-09-24 14:25:15,2026-09-24 14:25:15
185.187.131.217,1,2026-09-22 23:58:16,2026-09-22 23:58:16
185.187.77.10,1,2026-09-24 14:25:15,2026-09-24 14:25:15
185.187.77.51,1,2026-09-23 20:21:01,2026-09-23 20:21:01
185.187.94.160,1,2026-09-23 01:45:16,2026-09-23 01:45:16
185.198.243.17,1,2026-09-23 01:58:23,2026-09-23 01:58:23
185.204.154.90,1,2026-09-24 16:16:50,2026-09-24 16:16:50
185.206.124.40,1,2026-09-23 02:16:39,2026-09-23 02:16:39
185.211.213.200,1,2026-09-23 00:55:49,2026-09-23 00:55:49
185.215.54.47,1,2026-09-21 21:44:44,2026-09-21 21:44:44
185.215.55.73,1,2026-09-24 01:24:58,2026-09-24 01:24:58
185.215.55.77,1,2026-09-21 23:11:34,2026-09-21 23:11:34
185.219.71.36,1,2026-09-23 01:58:21,2026-09-23 01:58:21
185.223.188.218,1,2026-09-22 19:33:51,2026-09-22 19:33:51
185.225.40.232,1,2026-09-24 13:07:21,2026-09-24 13:07:21
185.225.43.251,1,2026-09-22 19:33:51,2026-09-22 19:33:51
185.237.217.4,1,2026-09-23 01:12:29,2026-09-23 01:12:29
185.24.60.28,1,2026-09-24 14:53:31,2026-09-24 14:53:31
185.24.61.3,1,2026-09-23 00:36:58,2026-09-23 00:36:58
185.24.61.70,1,2026-09-24 01:24:59,2026-09-24 01:24:59
185.244.152.179,1,2026-09-22 23:48:45,2026-09-22 23:48:45
185.244.155.226,1,2026-09-24 01:24:59,2026-09-24 01:24:59
185.249.159.154,1,2026-09-23 00:53:46,2026-09-23 00:53:46
185.253.180.240,1,2026-09-22 13:56:45,2026-09-22 13:56:45
185.254.35.52,1,2026-09-24 13:07:20,2026-09-24 13:07:20
185.254.55.227,1,2026-09-23 01:28:33,2026-09-23 01:28:33
185.27.144.180,1,2026-09-17 01:06:20,2026-09-17 01:06:20
185.30.144.117,1,2026-09-23 22:23:33,2026-09-23 22:23:33
185.35.8.44,1,2026-09-23 01:55:03,2026-09-23 01:55:03
185.35.8.45,1,2026-09-23 01:27:32,2026-09-23 01:27:32
185.43.189.163,1,2026-09-23 01:35:57,2026-09-23 01:35:57
185.46.76.28,1,2026-09-23 22:50:19,2026-09-23 22:50:19
185.57.68.210,1,2026-09-23 18:12:05,2026-09-23 18:12:05
185.58.15.32,1,2026-09-23 21:45:55,2026-09-23 21:45:55
185.71.88.176,1,2026-09-23 01:09:22,2026-09-23 01:09:22
185.77.207.80,1,2026-09-23 01:09:22,2026-09-23 01:09:22
185.81.83.220,1,2026-09-21 21:28:50,2026-09-21 21:28:50
185.95.204.55,1,2026-09-22 23:58:15,2026-09-22 23:58:15
185.99.7.37,1,2026-09-24 17:57:45,2026-09-24 17:57:45
186.0.127.167,1,2026-09-23 02:02:40,2026-09-23 02:02:40
186.0.248.104,1,2026-09-23 22:50:20,2026-09-23 22:50:20
186.104.41.27,1,2026-09-24 01:24:59,2026-09-24 01:24:59
186.113.109.110,1,2026-09-23 22:50:20,2026-09-23 22:50:20
186.114.164.120,1,2026-09-23 01:12:28,2026-09-23 01:12:28
186.114.62.51,1,2026-09-23 01:12:29,2026-09-23 01:12:29
186.116.201.244,1,2026-09-23 01:55:03,2026-09-23 01:55:03
186.117.161.90,1,2026-09-22 23:58:16,2026-09-22 23:58:16
186.117.165.11,1,2026-09-19 11:37:54,2026-09-19 11:37:54
186.14.52.190,1,2026-09-22 13:21:32,2026-09-22 13:21:32
186.148.121.86,1,2026-09-22 13:56:45,2026-09-22 13:56:45
186.148.182.234,1,2026-09-24 23:56:13,2026-09-24 23:56:13
186.148.227.38,1,2026-09-23 22:50:19,2026-09-23 22:50:19
186.15.165.191,1,2026-09-23 01:11:26,2026-09-23 01:11:26
186.153.0.28,1,2026-09-21 22:25:42,2026-09-21 22:25:42
186.154.43.72,1,2026-09-25 01:22:36,2026-09-25 01:22:36
186.155.71.172,1,2026-09-23 21:20:31,2026-09-23 21:20:31
186.155.88.6,1,2026-09-23 01:10:24,2026-09-23 01:10:24
186.156.48.149,1,2026-09-23 02:16:39,2026-09-23 02:16:39
186.167.225.194,1,2026-09-22 13:18:40,2026-09-22 13:18:40
186.168.157.210,1,2026-09-22 23:48:35,2026-09-22 23:48:35
186.169.76.74,1,2026-09-23 01:27:34,2026-09-23 01:27:34
186.170.215.66,1,2026-09-22 23:58:15,2026-09-22 23:58:15
186.179.163.182,1,2026-09-23 01:59:32,2026-09-23 01:59:32
186.179.192.20,1,2026-09-23 01:59:30,2026-09-23 01:59:30
186.188.212.96,1,2026-09-24 14:25:16,2026-09-24 14:25:16
186.189.106.8,1,2026-09-23 02:16:41,2026-09-23 02:16:41
186.189.107.30,1,2026-09-22 23:48:35,2026-09-22 23:48:35
186.189.111.80,1,2026-09-23 00:54:48,2026-09-23 00:54:48
186.189.71.156,1,2026-09-23 00:53:46,2026-09-23 00:53:46
186.189.72.75,1,2026-09-23 20:21:02,2026-09-23 20:21:02
186.189.92.209,1,2026-09-22 23:48:35,2026-09-22 23:48:35
186.189.99.125,1,2026-09-23 01:09:22,2026-09-23 01:09:22
186.190.96.239,1,2026-09-23 02:02:40,2026-09-23 02:02:40
186.192.107.2,1,2026-09-21 22:25:42,2026-09-21 22:25:42
186.192.212.229,1,2026-09-23 21:20:38,2026-09-23 21:20:38
186.192.36.104,1,2026-09-24 17:57:45,2026-09-24 17:57:45
186.193.54.25,1,2026-09-23 01:28:33,2026-09-23 01:28:33
186.194.160.114,1,2026-09-24 14:25:16,2026-09-24 14:25:16
186.194.168.252,1,2026-09-23 01:55:04,2026-09-23 01:55:04
186.194.175.83,1,2026-09-23 00:55:48,2026-09-23 00:55:48
186.194.97.124,1,2026-09-23 02:16:39,2026-09-23 02:16:39
186.195.234.242,1,2026-09-23 00:55:48,2026-09-23 00:55:48
186.195.237.156,1,2026-09-21 20:49:16,2026-09-21 20:49:16
186.195.237.233,1,2026-09-23 01:10:23,2026-09-23 01:10:23
186.195.6.134,1,2026-09-22 21:31:38,2026-09-22 21:31:38
186.195.94.125,1,2026-09-22 13:56:49,2026-09-22 13:56:49
186.196.76.229,1,2026-09-21 20:49:17,2026-09-21 20:49:17
186.2.251.95,1,2026-09-23 00:36:58,2026-09-23 00:36:58
186.203.51.25,1,2026-09-23 21:20:32,2026-09-23 21:20:32
186.205.1.217,1,2026-09-25 01:22:36,2026-09-25 01:22:36
186.205.10.31,1,2026-09-23 01:09:22,2026-09-23 01:09:22
186.205.16.206,1,2026-09-23 00:36:58,2026-09-23 00:36:58
186.205.18.250,1,2026-09-25 01:22:36,2026-09-25 01:22:36
186.205.4.125,1,2026-09-23 01:45:14,2026-09-23 01:45:14
186.206.227.130,1,2026-09-23 00:54:49,2026-09-23 00:54:49
186.207.100.206,1,2026-09-23 21:20:32,2026-09-23 21:20:32
186.208.154.156,1,2026-09-24 14:53:31,2026-09-24 14:53:31
186.208.74.203,1,2026-09-24 16:16:51,2026-09-24 16:16:51
186.209.20.80,1,2026-09-24 14:53:32,2026-09-24 14:53:32
186.209.21.168,1,2026-09-23 02:15:35,2026-09-23 02:15:35
186.209.22.92,1,2026-09-22 23:58:15,2026-09-22 23:58:15
186.209.46.25,1,2026-09-24 22:59:07,2026-09-24 22:59:07
186.209.69.192,1,2026-09-24 16:16:51,2026-09-24 16:16:51
186.209.69.228,1,2026-09-23 20:21:00,2026-09-23 20:21:00
186.210.178.110,1,2026-09-24 01:24:59,2026-09-24 01:24:59
186.210.183.229,1,2026-09-21 21:28:52,2026-09-21 21:28:52
186.211.101.105,1,2026-09-22 21:31:39,2026-09-22 21:31:39
186.211.249.118,1,2026-09-24 00:08:44,2026-09-24 00:08:44
186.216.15.187,1,2026-09-22 22:56:02,2026-09-22 22:56:02
186.219.137.177,1,2026-09-19 11:37:54,2026-09-19 11:37:54
186.219.141.46,1,2026-09-23 02:15:42,2026-09-23 02:15:42
186.219.142.149,1,2026-09-23 00:27:02,2026-09-23 00:27:02
186.219.143.47,1,2026-09-23 20:21:01,2026-09-23 20:21:01
186.219.223.241,1,2026-09-23 01:09:22,2026-09-23 01:09:22
186.219.48.30,1,2026-09-23 00:36:58,2026-09-23 00:36:58
186.221.24.214,1,2026-09-23 01:35:57,2026-09-23 01:35:57
186.222.71.153,1,2026-09-23 00:55:49,2026-09-23 00:55:49
186.223.143.116,1,2026-09-23 22:23:34,2026-09-23 22:23:34
186.223.173.213,1,2026-09-22 13:56:45,2026-09-22 13:56:45
186.223.59.36,1,2026-09-19 11:37:54,2026-09-19 11:37:54
186.225.13.16,1,2026-09-23 00:27:02,2026-09-23 00:27:02
186.226.117.69,1,2026-09-23 02:02:40,2026-09-23 02:02:40
186.226.155.13,1,2026-09-19 11:37:53,2026-09-19 11:37:53
186.226.182.234,1,2026-09-24 17:57:46,2026-09-24 17:57:46
186.226.34.10,1,2026-09-23 22:50:19,2026-09-23 22:50:19
186.227.184.104,1,2026-09-23 21:20:31,2026-09-23 21:20:31
186.227.222.184,1,2026-09-22 23:58:15,2026-09-22 23:58:15
186.227.222.204,1,2026-09-23 01:35:57,2026-09-23 01:35:57
186.227.90.234,1,2026-09-22 13:56:45,2026-09-22 13:56:45
186.229.91.49,1,2026-09-24 16:16:50,2026-09-24 16:16:50
186.232.211.37,1,2026-09-25 01:22:36,2026-09-25 01:22:36
186.232.234.195,1,2026-09-19 11:37:56,2026-09-19 11:37:56
186.232.28.229,1,2026-09-22 18:22:22,2026-09-22 18:22:22
186.233.112.4,1,2026-09-23 20:21:01,2026-09-23 20:21:01
186.233.183.77,1,2026-09-22 22:56:02,2026-09-22 22:56:02
186.235.124.99,1,2026-09-21 20:49:18,2026-09-21 20:49:18
186.235.126.197,1,2026-09-24 15:21:56,2026-09-24 15:21:56
186.235.35.185,1,2026-09-22 13:56:45,2026-09-22 13:56:45
186.235.35.207,1,2026-09-24 16:16:51,2026-09-24 16:16:51
186.235.38.152,1,2026-09-24 14:53:31,2026-09-24 14:53:31
186.235.99.253,1,2026-09-22 13:56:44,2026-09-22 13:56:44
186.236.19.128,1,2026-09-24 13:07:21,2026-09-24 13:07:21
186.244.137.212,1,2026-09-24 17:57:48,2026-09-24 17:57:48
186.247.234.43,1,2026-09-21 20:49:17,2026-09-21 20:49:17
186.247.242.196,1,2026-09-23 20:21:02,2026-09-23 20:21:02
186.249.144.240,1,2026-09-22 13:56:44,2026-09-22 13:56:44
186.249.155.184,1,2026-09-25 01:22:36,2026-09-25 01:22:36
186.249.177.63,1,2026-09-24 16:16:50,2026-09-24 16:16:50
186.249.196.250,1,2026-09-23 19:21:05,2026-09-23 19:21:05
186.249.212.42,1,2026-09-22 21:31:38,2026-09-22 21:31:38
186.249.235.174,1,2026-09-23 21:45:50,2026-09-23 21:45:50
186.249.25.11,1,2026-09-22 21:31:38,2026-09-22 21:31:38
186.250.220.117,1,2026-09-24 17:57:46,2026-09-24 17:57:46
186.251.211.152,1,2026-09-23 20:21:01,2026-09-23 20:21:01
186.26.98.230,1,2026-09-23 01:35:57,2026-09-23 01:35:57
186.28.93.189,1,2026-09-19 11:37:53,2026-09-19 11:37:53
186.28.97.70,1,2026-09-23 01:35:59,2026-09-23 01:35:59
186.31.188.9,1,2026-09-21 20:49:16,2026-09-21 20:49:16
186.42.0.54,1,2026-09-17 01:06:20,2026-09-17 01:06:20
186.46.82.189,1,2026-09-22 18:22:22,2026-09-22 18:22:22
186.47.137.212,1,2026-09-23 00:54:48,2026-09-23 00:54:48
186.49.166.103,1,2026-09-23 01:35:57,2026-09-23 01:35:57
186.52.149.87,1,2026-09-22 13:18:39,2026-09-22 13:18:39
186.53.229.195,1,2026-09-22 13:56:44,2026-09-22 13:56:44
186.53.53.180,1,2026-09-23 02:14:32,2026-09-23 02:14:32
186.53.9.75,1,2026-09-23 22:50:19,2026-09-23 22:50:19
186.6.63.250,1,2026-09-23 01:59:30,2026-09-23 01:59:30
186.61.135.93,1,2026-09-21 21:28:50,2026-09-21 21:28:50
186.65.84.151,1,2026-09-23 18:12:01,2026-09-23 18:12:01
186.68.84.66,1,2026-09-21 20:49:16,2026-09-21 20:49:16
186.69.137.88,1,2026-09-22 13:56:45,2026-09-22 13:56:45
186.7.87.251,1,2026-09-23 01:28:33,2026-09-23 01:28:33
186.79.254.46,1,2026-09-22 22:56:02,2026-09-22 22:56:02
186.80.30.81,1,2026-09-19 11:37:53,2026-09-19 11:37:53
186.80.31.148,1,2026-09-22 18:22:23,2026-09-22 18:22:23
186.80.54.186,1,2026-09-19 11:37:53,2026-09-19 11:37:53
186.81.100.185,1,2026-09-23 21:20:32,2026-09-23 21:20:32
186.81.124.166,1,2026-09-23 01:11:26,2026-09-23 01:11:26
186.81.58.95,1,2026-09-23 01:59:39,2026-09-23 01:59:39
186.84.88.209,1,2026-09-23 01:59:39,2026-09-23 01:59:39
186.84.88.91,1,2026-09-23 02:15:36,2026-09-23 02:15:36
186.86.33.51,1,2026-09-22 19:33:52,2026-09-22 19:33:52
186.87.10.75,1,2026-09-21 23:11:35,2026-09-21 23:11:35
186.98.193.75,1,2026-09-22 22:56:02,2026-09-22 22:56:02
186.99.145.197,1,2026-09-23 01:58:22,2026-09-23 01:58:22
187.0.230.11,1,2026-09-24 17:57:46,2026-09-24 17:57:46
187.0.233.205,1,2026-09-23 18:12:00,2026-09-23 18:12:00
187.1.9.0,1,2026-09-23 19:21:04,2026-09-23 19:21:04
187.102.133.227,1,2026-09-23 02:16:43,2026-09-23 02:16:43
187.102.215.41,1,2026-09-23 01:55:04,2026-09-23 01:55:04
187.102.28.116,1,2026-09-19 11:37:56,2026-09-19 11:37:56
187.102.50.102,1,2026-09-23 01:45:13,2026-09-23 01:45:13
187.102.82.235,1,2026-09-23 21:20:31,2026-09-23 21:20:31
187.105.172.109,1,2026-09-23 01:55:04,2026-09-23 01:55:04
187.106.50.7,1,2026-09-17 01:06:21,2026-09-17 01:06:21
187.106.52.246,1,2026-09-21 20:49:17,2026-09-21 20:49:17
187.106.53.124,1,2026-09-24 00:08:45,2026-09-24 00:08:45
187.111.125.147,1,2026-09-23 01:55:03,2026-09-23 01:55:03
187.111.157.18,1,2026-09-22 23:58:15,2026-09-22 23:58:15
187.111.170.220,1,2026-09-19 11:37:53,2026-09-19 11:37:53
187.111.4.178,1,2026-09-23 00:55:48,2026-09-23 00:55:48
187.114.126.26,1,2026-09-22 13:56:46,2026-09-22 13:56:46
187.114.37.230,1,2026-09-23 00:54:51,2026-09-23 00:54:51
187.115.250.105,1,2026-09-22 21:31:38,2026-09-22 21:31:38
187.120.157.181,1,2026-09-25 01:22:36,2026-09-25 01:22:36
187.120.159.191,1,2026-09-17 01:06:21,2026-09-17 01:06:21
187.120.162.95,1,2026-09-22 18:22:22,2026-09-22 18:22:22
187.120.20.246,1,2026-09-23 22:50:19,2026-09-23 22:50:19
187.121.129.201,1,2026-09-22 13:56:45,2026-09-22 13:56:45
187.121.140.179,1,2026-09-23 01:11:26,2026-09-23 01:11:26
187.122.58.13,1,2026-09-25 01:22:38,2026-09-25 01:22:38
187.125.116.240,1,2026-09-22 13:56:45,2026-09-22 13:56:45
187.125.199.161,1,2026-09-21 20:49:16,2026-09-21 20:49:16
187.125.9.79,1,2026-09-22 17:28:18,2026-09-22 17:28:18
187.126.106.81,1,2026-09-22 22:56:02,2026-09-22 22:56:02
187.131.111.254,1,2026-09-22 18:22:26,2026-09-22 18:22:26
187.131.24.2,1,2026-09-23 01:28:33,2026-09-23 01:28:33
187.135.39.41,1,2026-09-23 21:20:31,2026-09-23 21:20:31
187.139.188.246,1,2026-09-23 02:02:40,2026-09-23 02:02:40
187.139.87.84,1,2026-09-23 01:12:29,2026-09-23 01:12:29
187.140.126.174,1,2026-09-23 00:54:49,2026-09-23 00:54:49
187.144.197.180,1,2026-09-23 00:36:58,2026-09-23 00:36:58
187.147.10.186,1,2026-09-19 11:37:53,2026-09-19 11:37:53
187.147.142.208,1,2026-09-24 17:57:46,2026-09-24 17:57:46
187.147.174.35,1,2026-09-22 13:56:44,2026-09-22 13:56:44
187.147.57.148,1,2026-09-22 18:22:22,2026-09-22 18:22:22
187.147.77.149,1,2026-09-23 02:15:35,2026-09-23 02:15:35
187.148.171.132,1,2026-09-23 02:15:35,2026-09-23 02:15:35
187.154.157.211,1,2026-09-25 01:22:36,2026-09-25 01:22:36
187.155.144.170,1,2026-09-25 01:22:36,2026-09-25 01:22:36
187.16.187.11,1,2026-09-23 01:35:57,2026-09-23 01:35:57
187.16.187.232,1,2026-09-22 23:58:16,2026-09-22 23:58:16
187.161.116.243,1,2026-09-22 17:28:18,2026-09-22 17:28:18
187.169.177.92,1,2026-09-23 01:11:29,2026-09-23 01:11:29
187.170.101.98,1,2026-09-24 17:57:45,2026-09-24 17:57:45
187.173.207.225,1,2026-09-23 01:58:21,2026-09-23 01:58:21
187.175.31.155,1,2026-09-21 22:25:43,2026-09-21 22:25:43
187.180.161.219,1,2026-09-19 11:37:53,2026-09-19 11:37:53
187.180.164.112,1,2026-09-23 00:36:59,2026-09-23 00:36:59
187.180.169.97,1,2026-09-22 23:48:35,2026-09-22 23:48:35
187.180.173.57,1,2026-09-23 21:45:52,2026-09-23 21:45:52
187.180.217.232,1,2026-09-23 19:21:04,2026-09-23 19:21:04
187.181.71.128,1,2026-09-25 01:22:36,2026-09-25 01:22:36
187.182.239.253,1,2026-09-24 16:16:51,2026-09-24 16:16:51
187.183.33.117,1,2026-09-23 22:23:34,2026-09-23 22:23:34
187.183.38.223,1,2026-09-23 02:02:41,2026-09-23 02:02:41
187.183.44.27,1,2026-09-24 00:08:43,2026-09-24 00:08:43
187.183.55.247,1,2026-09-22 22:56:02,2026-09-22 22:56:02
187.183.55.37,1,2026-09-21 22:25:42,2026-09-21 22:25:42
187.187.193.231,1,2026-09-23 02:14:33,2026-09-23 02:14:33
187.188.11.187,1,2026-09-23 01:55:03,2026-09-23 01:55:03
187.188.140.175,1,2026-09-24 00:08:44,2026-09-24 00:08:44
187.188.221.61,1,2026-09-22 23:58:15,2026-09-22 23:58:15
187.188.222.175,1,2026-09-23 00:27:02,2026-09-23 00:27:02
187.188.227.67,1,2026-09-23 01:59:30,2026-09-23 01:59:30
187.188.23.133,1,2026-09-22 22:56:02,2026-09-22 22:56:02
187.188.242.147,1,2026-09-24 01:24:59,2026-09-24 01:24:59
187.188.41.151,1,2026-09-22 18:22:25,2026-09-22 18:22:25
187.188.64.181,1,2026-09-23 02:16:39,2026-09-23 02:16:39
187.188.73.98,1,2026-09-22 19:33:51,2026-09-22 19:33:51
187.188.76.228,1,2026-09-23 01:58:21,2026-09-23 01:58:21
187.189.101.182,1,2026-09-23 01:55:03,2026-09-23 01:55:03
187.189.145.44,1,2026-09-24 14:25:15,2026-09-24 14:25:15
187.189.149.243,1,2026-09-23 18:12:02,2026-09-23 18:12:02
187.189.187.180,1,2026-09-23 00:55:48,2026-09-23 00:55:48
187.189.208.171,1,2026-09-22 21:31:38,2026-09-22 21:31:38
187.189.214.217,1,2026-09-23 19:21:04,2026-09-23 19:21:04
187.189.242.251,1,2026-09-24 22:59:07,2026-09-24 22:59:07
187.189.242.4,1,2026-09-21 20:49:16,2026-09-21 20:49:16
187.189.247.121,1,2026-09-23 21:20:32,2026-09-23 21:20:32
187.189.248.180,1,2026-09-23 00:53:46,2026-09-23 00:53:46
187.189.50.66,1,2026-09-19 11:37:53,2026-09-19 11:37:53
187.189.64.128,1,2026-09-23 01:09:22,2026-09-23 01:09:22
187.189.69.215,1,2026-09-24 14:53:31,2026-09-24 14:53:31
187.189.84.218,1,2026-09-24 14:25:15,2026-09-24 14:25:15
187.189.84.69,1,2026-09-23 21:20:31,2026-09-23 21:20:31
187.19.130.51,1,2026-09-23 19:21:04,2026-09-23 19:21:04
187.19.173.74,1,2026-09-23 01:09:22,2026-09-23 01:09:22
187.19.184.180,1,2026-09-23 18:12:01,2026-09-23 18:12:01
187.19.187.57,1,2026-09-21 22:25:45,2026-09-21 22:25:45
187.19.19.124,1,2026-09-24 00:08:43,2026-09-24 00:08:43
187.19.223.207,1,2026-09-17 01:06:23,2026-09-17 01:06:23
187.19.245.113,1,2026-09-23 18:12:07,2026-09-23 18:12:07
187.19.251.190,1,2026-09-24 14:53:31,2026-09-24 14:53:31
187.19.251.231,1,2026-09-24 01:24:59,2026-09-24 01:24:59
187.19.252.217,1,2026-09-23 01:12:28,2026-09-23 01:12:28
187.19.254.134,1,2026-09-23 18:12:02,2026-09-23 18:12:02
187.19.26.16,1,2026-09-24 17:57:46,2026-09-24 17:57:46
187.190.144.239,1,2026-09-23 22:23:34,2026-09-23 22:23:34
187.190.156.173,1,2026-09-23 22:23:34,2026-09-23 22:23:34
187.190.157.180,1,2026-09-24 17:57:47,2026-09-24 17:57:47
187.190.169.5,1,2026-09-24 01:24:59,2026-09-24 01:24:59
187.190.174.149,1,2026-09-23 19:21:04,2026-09-23 19:21:04
187.190.184.146,1,2026-09-19 11:37:53,2026-09-19 11:37:53
187.190.186.118,1,2026-09-23 22:23:34,2026-09-23 22:23:34
187.190.193.231,1,2026-09-23 01:53:56,2026-09-23 01:53:56
187.190.203.71,1,2026-09-22 22:56:02,2026-09-22 22:56:02
187.190.205.79,1,2026-09-23 02:14:32,2026-09-23 02:14:32
187.190.215.101,1,2026-09-25 00:24:16,2026-09-25 00:24:16
187.190.23.35,1,2026-09-23 22:50:19,2026-09-23 22:50:19
187.190.24.224,1,2026-09-23 02:02:41,2026-09-23 02:02:41
187.190.255.186,1,2026-09-23 02:14:32,2026-09-23 02:14:32
187.190.63.79,1,2026-09-23 02:14:32,2026-09-23 02:14:32
187.190.63.90,1,2026-09-22 10:57:54,2026-09-22 10:57:54
187.191.11.216,1,2026-09-22 17:28:18,2026-09-22 17:28:18
187.191.23.210,1,2026-09-23 20:21:00,2026-09-23 20:21:00
187.191.33.188,1,2026-09-23 21:20:32,2026-09-23 21:20:32
187.191.36.12,1,2026-09-22 21:31:38,2026-09-22 21:31:38
187.191.36.215,1,2026-09-22 18:22:22,2026-09-22 18:22:22
187.191.38.69,1,2026-09-22 23:48:35,2026-09-22 23:48:35
187.191.5.198,1,2026-09-23 01:59:30,2026-09-23 01:59:30
187.192.64.143,1,2026-09-23 01:55:04,2026-09-23 01:55:04
187.192.66.98,1,2026-09-21 21:28:51,2026-09-21 21:28:51
187.198.252.188,1,2026-09-23 00:36:58,2026-09-23 00:36:58
187.2.162.57,1,2026-09-21 20:49:16,2026-09-21 20:49:16
187.20.28.93,1,2026-09-22 13:56:45,2026-09-22 13:56:45
187.205.29.30,1,2026-09-23 01:10:23,2026-09-23 01:10:23
187.207.77.16,1,2026-09-24 16:16:54,2026-09-24 16:16:54
187.208.126.57,1,2026-09-24 17:57:46,2026-09-24 17:57:46
187.208.231.188,1,2026-09-23 00:55:49,2026-09-23 00:55:49
187.208.71.197,1,2026-09-23 01:55:03,2026-09-23 01:55:03
187.212.225.160,1,2026-09-22 13:56:45,2026-09-22 13:56:45
187.212.231.143,1,2026-09-24 13:07:20,2026-09-24 13:07:20
187.213.166.49,1,2026-09-22 23:16:20,2026-09-22 23:16:20
187.220.65.78,1,2026-09-22 23:16:20,2026-09-22 23:16:20
187.225.81.197,1,2026-09-21 22:25:44,2026-09-21 22:25:44
187.228.81.197,1,2026-09-22 23:48:35,2026-09-22 23:48:35
187.23.172.157,1,2026-09-24 17:57:46,2026-09-24 17:57:46
187.23.191.9,1,2026-09-23 02:16:40,2026-09-23 02:16:40
187.23.193.53,1,2026-09-23 20:21:01,2026-09-23 20:21:01
187.23.194.191,1,2026-09-23 19:21:04,2026-09-23 19:21:04
187.23.215.109,1,2026-09-24 00:08:44,2026-09-24 00:08:44
187.23.6.79,1,2026-09-21 20:49:17,2026-09-21 20:49:17
187.230.201.108,1,2026-09-23 02:16:41,2026-09-23 02:16:41
187.235.136.233,1,2026-09-22 23:16:20,2026-09-22 23:16:20
187.235.155.47,1,2026-09-19 11:37:53,2026-09-19 11:37:53
187.235.190.201,1,2026-09-23 02:14:33,2026-09-23 02:14:33
187.236.30.154,1,2026-09-19 22:48:35,2026-09-19 22:48:35
187.241.46.200,1,2026-09-21 20:49:16,2026-09-21 20:49:16
187.241.47.149,1,2026-09-23 20:21:04,2026-09-23 20:21:04
187.241.47.53,1,2026-09-22 13:56:45,2026-09-22 13:56:45
187.243.48.199,1,2026-09-24 01:24:59,2026-09-24 01:24:59
187.244.65.187,1,2026-09-21 21:28:51,2026-09-21 21:28:51
187.245.114.32,1,2026-09-24 22:59:07,2026-09-24 22:59:07
187.248.80.58,1,2026-09-23 01:45:13,2026-09-23 01:45:13
187.249.114.237,1,2026-09-21 21:44:42,2026-09-21 21:44:42
187.249.158.6,1,2026-09-23 02:14:32,2026-09-23 02:14:32
187.253.250.31,1,2026-09-23 02:16:39,2026-09-23 02:16:39
187.254.54.204,1,2026-09-23 21:20:31,2026-09-23 21:20:31
187.255.153.143,1,2026-09-24 00:08:44,2026-09-24 00:08:44
187.255.153.215,1,2026-09-23 21:20:31,2026-09-23 21:20:31
187.255.41.219,1,2026-09-21 20:49:16,2026-09-21 20:49:16
187.255.91.84,1,2026-09-24 17:57:46,2026-09-24 17:57:46
187.3.88.244,1,2026-09-22 21:31:38,2026-09-22 21:31:38
187.33.205.63,1,2026-09-22 18:22:22,2026-09-22 18:22:22
187.33.247.140,1,2026-09-25 01:22:36,2026-09-25 01:22:36
187.33.254.217,1,2026-09-23 20:21:01,2026-09-23 20:21:01
187.36.153.155,1,2026-09-22 18:22:22,2026-09-22 18:22:22
187.36.154.243,1,2026-09-24 00:08:44,2026-09-24 00:08:44
187.38.62.36,1,2026-09-23 00:54:48,2026-09-23 00:54:48
187.39.7.251,1,2026-09-23 01:53:57,2026-09-23 01:53:57
187.4.58.26,1,2026-09-22 21:31:39,2026-09-22 21:31:39
187.4.84.102,1,2026-09-17 01:06:39,2026-09-17 01:06:39
187.40.199.84,1,2026-09-21 20:49:17,2026-09-21 20:49:17
187.44.148.34,1,2026-09-23 02:15:35,2026-09-23 02:15:35
187.44.151.48,1,2026-09-22 23:58:15,2026-09-22 23:58:15
187.44.214.98,1,2026-09-23 01:12:29,2026-09-23 01:12:29
187.46.244.46,1,2026-09-24 00:08:44,2026-09-24 00:08:44
187.49.11.28,1,2026-09-22 23:58:15,2026-09-22 23:58:15
187.49.12.225,1,2026-09-21 21:44:43,2026-09-21 21:44:43
187.49.165.70,1,2026-09-23 22:23:34,2026-09-23 22:23:34
187.52.163.90,1,2026-09-23 19:21:08,2026-09-23 19:21:08
187.56.6.43,1,2026-09-24 15:21:56,2026-09-24 15:21:56
187.56.9.127,1,2026-09-24 16:16:51,2026-09-24 16:16:51
187.57.231.196,1,2026-09-24 14:53:31,2026-09-24 14:53:31
187.59.39.217,1,2026-09-22 22:56:02,2026-09-22 22:56:02
187.62.154.125,1,2026-09-24 01:24:59,2026-09-24 01:24:59
187.62.157.84,1,2026-09-22 13:56:46,2026-09-22 13:56:46
187.62.158.55,1,2026-09-22 13:56:45,2026-09-22 13:56:45
187.62.158.57,1,2026-09-24 00:08:47,2026-09-24 00:08:47
187.62.188.130,1,2026-09-19 22:48:31,2026-09-19 22:48:31
187.62.67.227,1,2026-09-23 01:09:22,2026-09-23 01:09:22
187.62.80.109,1,2026-09-22 23:48:35,2026-09-22 23:48:35
187.62.83.141,1,2026-09-24 16:16:50,2026-09-24 16:16:50
187.63.171.59,1,2026-09-22 17:28:18,2026-09-22 17:28:18
187.63.23.43,1,2026-09-23 01:53:56,2026-09-23 01:53:56
187.64.156.111,1,2026-09-23 00:37:02,2026-09-23 00:37:02
187.65.249.130,1,2026-09-23 01:11:33,2026-09-23 01:11:33
187.7.182.99,1,2026-09-21 21:44:42,2026-09-21 21:44:42
187.73.110.62,1,2026-09-23 02:15:35,2026-09-23 02:15:35
187.73.191.74,1,2026-09-24 17:57:46,2026-09-24 17:57:46
187.74.144.77,1,2026-09-23 02:02:40,2026-09-23 02:02:40
187.74.241.248,1,2026-09-22 22:56:02,2026-09-22 22:56:02
187.84.122.58,1,2026-09-23 01:59:30,2026-09-23 01:59:30
187.84.248.97,1,2026-09-23 01:59:30,2026-09-23 01:59:30
187.85.148.228,1,2026-09-22 21:31:38,2026-09-22 21:31:38
187.85.240.70,1,2026-09-23 20:21:01,2026-09-23 20:21:01
187.85.88.242,1,2026-09-22 21:31:38,2026-09-22 21:31:38
187.86.163.178,1,2026-09-21 20:49:16,2026-09-21 20:49:16
187.86.27.93,1,2026-09-22 13:56:48,2026-09-22 13:56:48
187.90.154.191,1,2026-09-23 01:58:23,2026-09-23 01:58:23
187.92.46.206,1,2026-09-17 01:06:20,2026-09-17 01:06:20
187.94.13.17,1,2026-09-23 01:35:58,2026-09-23 01:35:58
187.94.139.118,1,2026-09-23 19:21:04,2026-09-23 19:21:04
187.94.150.39,1,2026-09-23 20:21:00,2026-09-23 20:21:00
187.94.166.178,1,2026-09-23 02:02:40,2026-09-23 02:02:40
187.94.238.187,1,2026-09-22 13:56:45,2026-09-22 13:56:45
187.95.171.253,1,2026-09-24 14:25:15,2026-09-24 14:25:15
187.95.234.113,1,2026-09-23 19:21:04,2026-09-23 19:21:04
187.95.235.151,1,2026-09-22 22:56:02,2026-09-22 22:56:02
187.95.248.77,1,2026-09-24 16:16:51,2026-09-24 16:16:51
187.95.250.0,1,2026-09-21 22:25:43,2026-09-21 22:25:43
187.95.45.181,1,2026-09-23 02:16:39,2026-09-23 02:16:39
188.0.136.198,1,2026-09-22 19:34:01,2026-09-22 19:34:01
188.129.79.31,1,2026-09-23 01:55:09,2026-09-23 01:55:09
188.130.177.78,1,2026-09-24 14:25:31,2026-09-24 14:25:31
188.132.222.146,1,2026-09-23 02:16:41,2026-09-23 02:16:41
188.133.13.26,1,2026-09-23 00:55:05,2026-09-23 00:55:05
188.150.183.94,1,2026-09-22 13:56:45,2026-09-22 13:56:45
188.161.10.151,1,2026-09-22 21:31:38,2026-09-22 21:31:38
188.161.59.242,1,2026-09-23 02:02:40,2026-09-23 02:02:40
188.18.20.218,1,2026-09-23 22:50:19,2026-09-23 22:50:19
188.195.203.129,1,2026-09-23 01:35:57,2026-09-23 01:35:57
188.233.48.121,1,2026-09-23 01:11:27,2026-09-23 01:11:27
188.247.141.148,1,2026-09-24 13:07:22,2026-09-24 13:07:22
188.250.97.152,1,2026-09-24 01:24:58,2026-09-24 01:24:58
188.252.207.240,1,2026-09-23 01:27:32,2026-09-23 01:27:32
188.253.217.201,1,2026-09-22 13:56:45,2026-09-22 13:56:45
188.253.222.61,1,2026-09-22 23:48:40,2026-09-22 23:48:40
188.26.215.164,1,2026-09-23 18:12:00,2026-09-23 18:12:00
188.26.222.244,1,2026-09-21 21:44:42,2026-09-21 21:44:42
188.51.206.206,1,2026-09-23 22:23:35,2026-09-23 22:23:35
188.71.213.203,1,2026-09-23 01:35:57,2026-09-23 01:35:57
188.72.10.229,1,2026-09-22 23:16:20,2026-09-22 23:16:20
188.72.13.111,1,2026-09-24 01:24:59,2026-09-24 01:24:59
188.72.13.238,1,2026-09-23 02:02:40,2026-09-23 02:02:40
188.72.40.112,1,2026-09-24 14:53:31,2026-09-24 14:53:31
188.72.40.64,1,2026-09-21 21:44:42,2026-09-21 21:44:42
188.72.46.29,1,2026-09-23 01:53:57,2026-09-23 01:53:57
188.72.57.90,1,2026-09-23 02:02:40,2026-09-23 02:02:40
188.77.226.147,1,2026-09-19 22:43:20,2026-09-19 22:43:20
188.80.228.122,1,2026-09-23 01:45:13,2026-09-23 01:45:13
188.86.208.176,1,2026-09-23 01:58:21,2026-09-23 01:58:21
188.90.198.33,1,2026-09-24 13:07:20,2026-09-24 13:07:20
189.1.139.42,1,2026-09-23 22:50:19,2026-09-23 22:50:19
189.10.180.166,1,2026-09-23 00:27:02,2026-09-23 00:27:02
189.101.192.6,1,2026-09-25 01:22:36,2026-09-25 01:22:36
189.101.73.231,1,2026-09-22 22:56:06,2026-09-22 22:56:06
189.101.73.31,1,2026-09-25 01:22:36,2026-09-25 01:22:36
189.103.49.104,1,2026-09-19 11:38:00,2026-09-19 11:38:00
189.11.121.15,1,2026-09-23 01:58:24,2026-09-23 01:58:24
189.110.42.32,1,2026-09-23 00:36:58,2026-09-23 00:36:58
189.111.41.228,1,2026-09-23 01:59:30,2026-09-23 01:59:30
189.113.19.72,1,2026-09-23 01:27:32,2026-09-23 01:27:32
189.113.190.136,1,2026-09-22 23:58:17,2026-09-22 23:58:17
189.113.68.222,1,2026-09-22 13:56:45,2026-09-22 13:56:45
189.123.172.30,1,2026-09-24 16:16:52,2026-09-24 16:16:52
189.123.96.90,1,2026-09-23 01:57:19,2026-09-23 01:57:19
189.123.97.122,1,2026-09-19 22:48:31,2026-09-19 22:48:31
189.124.20.53,1,2026-09-23 22:50:24,2026-09-23 22:50:24
189.124.69.182,1,2026-09-21 20:49:16,2026-09-21 20:49:16
189.124.77.62,1,2026-09-21 20:49:17,2026-09-21 20:49:17
189.126.130.69,1,2026-09-23 19:21:05,2026-09-23 19:21:05
189.127.176.152,1,2026-09-25 01:22:36,2026-09-25 01:22:36
189.127.176.163,1,2026-09-25 01:22:36,2026-09-25 01:22:36
189.129.173.230,1,2026-09-23 20:21:01,2026-09-23 20:21:01
189.129.85.118,1,2026-09-23 01:11:26,2026-09-23 01:11:26
189.133.201.101,1,2026-09-22 23:16:20,2026-09-22 23:16:20
189.135.116.79,1,2026-09-22 22:56:04,2026-09-22 22:56:04
189.136.24.162,1,2026-09-23 22:23:34,2026-09-23 22:23:34
189.137.124.83,1,2026-09-23 01:58:22,2026-09-23 01:58:22
189.138.129.25,1,2026-09-23 02:16:40,2026-09-23 02:16:40
189.139.16.12,1,2026-09-23 02:15:36,2026-09-23 02:15:36
189.14.235.88,1,2026-09-23 02:16:39,2026-09-23 02:16:39
189.141.245.79,1,2026-09-19 11:37:53,2026-09-19 11:37:53
189.141.247.192,1,2026-09-24 14:53:40,2026-09-24 14:53:40
189.142.179.143,1,2026-09-24 00:08:43,2026-09-24 00:08:43
189.142.233.241,1,2026-09-23 20:21:01,2026-09-23 20:21:01
189.143.231.35,1,2026-09-24 01:24:59,2026-09-24 01:24:59
189.143.251.48,1,2026-09-23 01:11:26,2026-09-23 01:11:26
189.143.29.213,1,2026-09-24 13:07:21,2026-09-24 13:07:21
189.146.104.80,1,2026-09-24 16:16:51,2026-09-24 16:16:51
189.15.227.115,1,2026-09-23 20:21:01,2026-09-23 20:21:01
189.15.242.67,1,2026-09-22 22:56:02,2026-09-22 22:56:02
189.150.153.10,1,2026-09-23 00:55:49,2026-09-23 00:55:49
189.153.187.166,1,2026-09-23 00:54:48,2026-09-23 00:54:48
189.153.71.33,1,2026-09-22 18:22:25,2026-09-22 18:22:25
189.155.144.75,1,2026-09-23 01:12:29,2026-09-23 01:12:29
189.162.192.101,1,2026-09-22 22:56:02,2026-09-22 22:56:02
189.162.220.180,1,2026-09-23 01:45:13,2026-09-23 01:45:13
189.164.17.224,1,2026-09-19 22:48:31,2026-09-19 22:48:31
189.164.64.116,1,2026-09-21 21:28:50,2026-09-21 21:28:50
189.165.138.224,1,2026-09-22 23:58:17,2026-09-22 23:58:17
189.167.197.233,1,2026-09-24 17:57:46,2026-09-24 17:57:46
189.169.121.30,1,2026-09-24 14:25:15,2026-09-24 14:25:15
189.169.92.249,1,2026-09-23 20:21:01,2026-09-23 20:21:01
189.171.32.110,1,2026-09-24 00:08:44,2026-09-24 00:08:44
189.172.8.164,1,2026-09-23 01:12:28,2026-09-23 01:12:28
189.174.189.235,1,2026-09-24 16:16:51,2026-09-24 16:16:51
189.18.87.125,1,2026-09-22 13:56:44,2026-09-22 13:56:44
189.182.141.79,1,2026-09-24 01:24:59,2026-09-24 01:24:59
189.183.222.202,1,2026-09-23 02:14:32,2026-09-23 02:14:32
189.189.164.95,1,2026-09-22 13:56:45,2026-09-22 13:56:45
189.189.243.144,1,2026-09-23 18:12:01,2026-09-23 18:12:01
189.196.200.206,1,2026-09-23 00:54:48,2026-09-23 00:54:48
189.203.103.138,1,2026-09-22 13:56:45,2026-09-22 13:56:45
189.203.104.1,1,2026-09-25 01:22:35,2026-09-25 01:22:35
189.203.106.134,1,2026-09-21 20:49:16,2026-09-21 20:49:16
189.203.132.3,1,2026-09-23 18:12:00,2026-09-23 18:12:00
189.203.145.103,1,2026-09-23 01:09:22,2026-09-23 01:09:22
189.203.149.64,1,2026-09-23 20:21:00,2026-09-23 20:21:00
189.203.205.211,1,2026-09-23 20:21:01,2026-09-23 20:21:01
189.203.252.33,1,2026-09-24 00:08:43,2026-09-24 00:08:43
189.203.252.98,1,2026-09-22 21:31:38,2026-09-22 21:31:38
189.203.29.88,1,2026-09-23 18:12:00,2026-09-23 18:12:00
189.203.36.21,1,2026-09-22 23:48:35,2026-09-22 23:48:35
189.203.87.143,1,2026-09-23 01:58:21,2026-09-23 01:58:21
189.203.96.16,1,2026-09-23 02:15:36,2026-09-23 02:15:36
189.203.96.226,1,2026-09-23 01:53:56,2026-09-23 01:53:56
189.204.129.91,1,2026-09-23 02:15:36,2026-09-23 02:15:36
189.214.1.191,1,2026-09-19 11:37:56,2026-09-19 11:37:56
189.214.5.236,1,2026-09-23 19:21:06,2026-09-23 19:21:06
189.215.124.160,1,2026-09-22 13:56:49,2026-09-22 13:56:49
189.215.40.249,1,2026-09-22 23:58:15,2026-09-22 23:58:15
189.216.235.81,1,2026-09-23 00:53:46,2026-09-23 00:53:46
189.217.103.187,1,2026-09-23 01:10:25,2026-09-23 01:10:25
189.217.11.143,1,2026-09-23 00:27:05,2026-09-23 00:27:05
189.217.188.239,1,2026-09-24 22:59:07,2026-09-24 22:59:07
189.217.40.150,1,2026-09-17 01:06:20,2026-09-17 01:06:20
189.218.68.109,1,2026-09-22 13:56:45,2026-09-22 13:56:45
189.220.43.24,1,2026-09-23 00:36:59,2026-09-23 00:36:59
189.222.74.203,1,2026-09-23 00:27:02,2026-09-23 00:27:02
189.223.10.163,1,2026-09-23 01:58:22,2026-09-23 01:58:22
189.225.184.186,1,2026-09-19 11:37:53,2026-09-19 11:37:53
189.232.215.198,1,2026-09-23 01:12:28,2026-09-23 01:12:28
189.232.242.254,1,2026-09-23 01:11:26,2026-09-23 01:11:26
189.232.65.175,1,2026-09-23 21:45:50,2026-09-23 21:45:50
189.232.7.77,1,2026-09-22 13:56:47,2026-09-22 13:56:47
189.233.118.213,1,2026-09-23 01:10:23,2026-09-23 01:10:23
189.234.181.148,1,2026-09-23 02:15:35,2026-09-23 02:15:35
189.236.141.228,1,2026-09-23 22:23:34,2026-09-23 22:23:34
189.239.155.58,1,2026-09-23 22:50:20,2026-09-23 22:50:20
189.250.40.180,1,2026-09-19 11:37:53,2026-09-19 11:37:53
189.251.137.182,1,2026-09-23 00:36:59,2026-09-23 00:36:59
189.252.123.150,1,2026-09-23 01:59:25,2026-09-23 01:59:25
189.26.48.234,1,2026-09-24 22:59:07,2026-09-24 22:59:07
189.28.14.64,1,2026-09-23 02:02:40,2026-09-23 02:02:40
189.28.145.158,1,2026-09-24 16:16:51,2026-09-24 16:16:51
189.28.221.179,1,2026-09-17 01:06:34,2026-09-17 01:06:34
189.28.221.31,1,2026-09-25 01:22:36,2026-09-25 01:22:36
189.28.245.145,1,2026-09-19 11:37:55,2026-09-19 11:37:55
189.28.69.105,1,2026-09-23 01:55:06,2026-09-23 01:55:06
189.28.95.121,1,2026-09-22 23:58:15,2026-09-22 23:58:15
189.29.148.214,1,2026-09-23 00:54:48,2026-09-23 00:54:48
189.31.203.47,1,2026-09-23 00:54:11,2026-09-23 00:54:11
189.33.64.130,1,2026-09-23 18:12:00,2026-09-23 18:12:00
189.33.66.211,1,2026-09-24 00:08:43,2026-09-24 00:08:43
189.34.144.139,1,2026-09-22 23:58:15,2026-09-22 23:58:15
189.34.154.37,1,2026-09-25 01:22:36,2026-09-25 01:22:36
189.34.198.88,1,2026-09-24 16:16:51,2026-09-24 16:16:51
189.36.215.174,1,2026-09-23 00:37:02,2026-09-23 00:37:02
189.36.224.90,1,2026-09-23 02:15:36,2026-09-23 02:15:36
189.36.240.56,1,2026-09-22 23:58:16,2026-09-22 23:58:16
189.36.245.75,1,2026-09-24 17:57:46,2026-09-24 17:57:46
189.37.64.17,1,2026-09-24 00:08:44,2026-09-24 00:08:44
189.37.70.125,1,2026-09-23 01:11:27,2026-09-23 01:11:27
189.37.74.178,1,2026-09-23 21:20:31,2026-09-23 21:20:31
189.37.75.58,1,2026-09-22 18:22:22,2026-09-22 18:22:22
189.38.223.124,1,2026-09-23 20:21:02,2026-09-23 20:21:02
189.38.224.137,1,2026-09-23 01:27:32,2026-09-23 01:27:32
189.38.25.129,1,2026-09-22 22:56:02,2026-09-22 22:56:02
189.39.109.76,1,2026-09-24 17:57:46,2026-09-24 17:57:46
189.4.73.237,1,2026-09-24 17:57:46,2026-09-24 17:57:46
189.4.77.207,1,2026-09-23 02:15:35,2026-09-23 02:15:35
189.4.79.168,1,2026-09-24 14:25:15,2026-09-24 14:25:15
189.46.66.200,1,2026-09-22 22:56:02,2026-09-22 22:56:02
189.51.100.164,1,2026-09-24 22:59:08,2026-09-24 22:59:08
189.51.196.189,1,2026-09-23 01:11:27,2026-09-23 01:11:27
189.51.211.44,1,2026-09-22 22:56:02,2026-09-22 22:56:02
189.51.218.19,1,2026-09-23 02:15:35,2026-09-23 02:15:35
189.51.40.132,1,2026-09-22 21:31:38,2026-09-22 21:31:38
189.58.73.138,1,2026-09-19 11:37:53,2026-09-19 11:37:53
189.6.19.166,1,2026-09-22 13:56:44,2026-09-22 13:56:44
189.6.209.203,1,2026-09-22 23:16:21,2026-09-22 23:16:21
189.6.214.121,1,2026-09-22 18:22:22,2026-09-22 18:22:22
189.6.252.223,1,2026-09-23 01:36:00,2026-09-23 01:36:00
189.6.254.121,1,2026-09-21 20:49:16,2026-09-21 20:49:16
189.6.8.159,1,2026-09-22 13:56:45,2026-09-22 13:56:45
189.6.8.37,1,2026-09-24 16:16:51,2026-09-24 16:16:51
189.60.242.176,1,2026-09-22 23:48:35,2026-09-22 23:48:35
189.61.138.188,1,2026-09-22 10:57:55,2026-09-22 10:57:55
189.62.46.59,1,2026-09-23 00:36:58,2026-09-23 00:36:58
189.63.12.109,1,2026-09-23 01:10:24,2026-09-23 01:10:24
189.63.225.109,1,2026-09-23 00:53:46,2026-09-23 00:53:46
189.63.242.66,1,2026-09-22 13:56:45,2026-09-22 13:56:45
189.63.5.220,1,2026-09-22 18:22:22,2026-09-22 18:22:22
189.63.5.48,1,2026-09-24 14:53:31,2026-09-24 14:53:31
189.68.103.46,1,2026-09-21 20:49:17,2026-09-21 20:49:17
189.68.233.206,1,2026-09-22 17:28:18,2026-09-22 17:28:18
189.68.75.161,1,2026-09-24 00:08:45,2026-09-24 00:08:45
189.7.125.127,1,2026-09-21 20:49:17,2026-09-21 20:49:17
189.7.125.40,1,2026-09-22 18:22:24,2026-09-22 18:22:24
189.7.125.62,1,2026-09-21 21:44:42,2026-09-21 21:44:42
189.7.126.50,1,2026-09-24 00:08:44,2026-09-24 00:08:44
189.7.87.122,1,2026-09-24 17:57:46,2026-09-24 17:57:46
189.73.5.38,1,2026-09-23 22:23:34,2026-09-23 22:23:34
189.76.132.228,1,2026-09-24 16:16:55,2026-09-24 16:16:55
189.78.105.129,1,2026-09-23 00:36:58,2026-09-23 00:36:58
189.78.200.236,1,2026-09-23 02:15:38,2026-09-23 02:15:38
189.78.228.108,1,2026-09-24 17:57:46,2026-09-24 17:57:46
189.79.209.102,1,2026-09-23 20:21:01,2026-09-23 20:21:01
189.80.4.121,1,2026-09-23 01:35:57,2026-09-23 01:35:57
189.84.187.242,1,2026-09-23 18:12:01,2026-09-23 18:12:01
189.84.194.147,1,2026-09-21 20:49:16,2026-09-21 20:49:16
189.84.233.192,1,2026-09-23 00:36:58,2026-09-23 00:36:58
189.84.46.4,1,2026-09-22 17:28:18,2026-09-22 17:28:18
189.84.86.234,1,2026-09-23 18:12:00,2026-09-23 18:12:00
189.89.153.180,1,2026-09-21 20:49:17,2026-09-21 20:49:17
189.89.171.32,1,2026-09-23 01:28:33,2026-09-23 01:28:33
189.89.215.144,1,2026-09-23 01:11:27,2026-09-23 01:11:27
189.89.215.35,1,2026-09-22 23:48:35,2026-09-22 23:48:35
189.89.93.35,1,2026-09-22 18:22:22,2026-09-22 18:22:22
189.90.234.45,1,2026-09-19 11:37:54,2026-09-19 11:37:54
189.91.201.115,1,2026-09-24 16:16:51,2026-09-24 16:16:51
189.98.170.25,1,2026-09-24 23:56:13,2026-09-24 23:56:13
190.1.26.80,1,2026-09-23 01:53:56,2026-09-23 01:53:56
190.102.47.113,1,2026-09-25 01:22:36,2026-09-25 01:22:36
190.102.47.38,1,2026-09-23 18:12:00,2026-09-23 18:12:00
190.103.155.231,1,2026-09-24 17:57:47,2026-09-24 17:57:47
190.104.234.206,1,2026-09-23 02:14:32,2026-09-23 02:14:32
190.107.160.57,1,2026-09-22 13:56:44,2026-09-22 13:56:44
190.108.76.167,1,2026-09-24 01:25:00,2026-09-24 01:25:00
190.108.77.122,1,2026-09-24 23:56:13,2026-09-24 23:56:13
190.108.77.133,1,2026-09-22 21:31:40,2026-09-22 21:31:40
190.108.99.162,1,2026-09-24 17:57:46,2026-09-24 17:57:46
190.109.5.66,1,2026-09-23 01:11:28,2026-09-23 01:11:28
190.109.99.177,1,2026-09-24 16:16:52,2026-09-24 16:16:52
190.109.99.179,1,2026-09-25 01:22:36,2026-09-25 01:22:36
190.110.250.125,1,2026-09-22 17:28:18,2026-09-22 17:28:18
190.110.250.245,1,2026-09-23 01:58:21,2026-09-23 01:58:21
190.111.109.148,1,2026-09-23 02:16:39,2026-09-23 02:16:39
190.111.129.142,1,2026-09-23 01:58:22,2026-09-23 01:58:22
190.111.150.186,1,2026-09-23 00:27:03,2026-09-23 00:27:03
190.111.150.247,1,2026-09-23 02:14:35,2026-09-23 02:14:35
190.112.176.129,1,2026-09-23 02:02:40,2026-09-23 02:02:40
190.112.176.25,1,2026-09-23 18:12:01,2026-09-23 18:12:01
190.112.194.77,1,2026-09-25 01:22:35,2026-09-25 01:22:35
190.113.115.149,1,2026-09-23 01:58:21,2026-09-23 01:58:21
190.114.32.116,1,2026-09-23 20:21:01,2026-09-23 20:21:01
190.114.32.168,1,2026-09-23 01:58:21,2026-09-23 01:58:21
190.114.32.203,1,2026-09-23 21:20:31,2026-09-23 21:20:31
190.114.33.154,1,2026-09-23 02:14:33,2026-09-23 02:14:33
190.114.36.25,1,2026-09-21 20:49:16,2026-09-21 20:49:16
190.114.38.40,1,2026-09-23 01:09:22,2026-09-23 01:09:22
190.114.43.53,1,2026-09-23 01:53:56,2026-09-23 01:53:56
190.114.44.103,1,2026-09-24 22:59:07,2026-09-24 22:59:07
190.114.44.150,1,2026-09-23 01:12:28,2026-09-23 01:12:28
190.114.45.211,1,2026-09-23 22:50:19,2026-09-23 22:50:19
190.115.106.65,1,2026-09-23 01:12:29,2026-09-23 01:12:29
190.115.92.58,1,2026-09-23 01:58:22,2026-09-23 01:58:22
190.120.246.76,1,2026-09-17 01:06:21,2026-09-17 01:06:21
190.122.192.21,1,2026-09-23 22:50:19,2026-09-23 22:50:19
190.123.9.188,1,2026-09-24 14:53:31,2026-09-24 14:53:31
190.123.9.228,1,2026-09-23 00:27:02,2026-09-23 00:27:02
190.129.103.1,1,2026-09-22 10:57:58,2026-09-22 10:57:58
190.13.240.204,1,2026-09-24 16:16:52,2026-09-24 16:16:52
190.131.202.160,1,2026-09-23 22:50:19,2026-09-23 22:50:19
190.133.19.197,1,2026-09-24 14:53:31,2026-09-24 14:53:31
190.134.39.58,1,2026-09-24 13:07:21,2026-09-24 13:07:21
190.135.68.2,1,2026-09-23 22:50:20,2026-09-23 22:50:20
190.140.112.91,1,2026-09-23 01:55:04,2026-09-23 01:55:04
190.140.113.82,1,2026-09-24 13:07:21,2026-09-24 13:07:21
190.140.131.177,1,2026-09-23 02:16:40,2026-09-23 02:16:40
190.140.252.104,1,2026-09-24 22:59:07,2026-09-24 22:59:07
190.142.111.37,1,2026-09-23 01:58:23,2026-09-23 01:58:23
190.147.167.67,1,2026-09-17 01:06:22,2026-09-17 01:06:22
190.151.143.137,1,2026-09-23 22:23:34,2026-09-23 22:23:34
190.153.11.97,1,2026-09-23 00:54:50,2026-09-23 00:54:50
190.153.117.162,1,2026-09-22 21:31:39,2026-09-22 21:31:39
190.153.45.128,1,2026-09-23 00:54:48,2026-09-23 00:54:48
190.153.45.96,1,2026-09-23 00:55:49,2026-09-23 00:55:49
190.153.46.118,1,2026-09-23 01:53:56,2026-09-23 01:53:56
190.153.46.119,1,2026-09-23 02:15:35,2026-09-23 02:15:35
190.155.22.18,1,2026-09-24 13:07:21,2026-09-24 13:07:21
190.156.8.22,1,2026-09-23 01:35:58,2026-09-23 01:35:58
190.157.85.110,1,2026-09-21 21:28:50,2026-09-21 21:28:50
190.158.188.75,1,2026-09-23 02:15:37,2026-09-23 02:15:37
190.158.28.13,1,2026-09-22 23:48:35,2026-09-22 23:48:35
190.158.29.32,1,2026-09-23 01:28:33,2026-09-23 01:28:33
190.163.143.55,1,2026-09-24 16:16:51,2026-09-24 16:16:51
190.165.105.136,1,2026-09-23 02:15:36,2026-09-23 02:15:36
190.18.181.197,1,2026-09-22 10:57:57,2026-09-22 10:57:57
190.183.168.12,1,2026-09-22 18:22:22,2026-09-22 18:22:22
190.183.31.25,1,2026-09-22 22:56:02,2026-09-22 22:56:02
190.184.245.182,1,2026-09-23 22:50:33,2026-09-23 22:50:33
190.184.249.47,1,2026-09-22 22:56:02,2026-09-22 22:56:02
190.186.86.88,1,2026-09-23 21:45:56,2026-09-23 21:45:56
190.192.191.137,1,2026-09-21 21:44:42,2026-09-21 21:44:42
190.199.186.47,1,2026-09-23 02:16:48,2026-09-23 02:16:48
190.20.134.125,1,2026-09-21 21:28:50,2026-09-21 21:28:50
190.20.219.123,1,2026-09-22 10:57:54,2026-09-22 10:57:54
190.202.76.50,1,2026-09-22 19:33:51,2026-09-22 19:33:51
190.216.132.40,1,2026-09-23 02:16:39,2026-09-23 02:16:39
190.218.24.26,1,2026-09-23 02:02:40,2026-09-23 02:02:40
190.219.10.16,1,2026-09-23 00:54:48,2026-09-23 00:54:48
190.22.170.204,1,2026-09-23 00:36:58,2026-09-23 00:36:58
190.22.182.42,1,2026-09-23 02:15:35,2026-09-23 02:15:35
190.236.206.82,1,2026-09-24 16:16:51,2026-09-24 16:16:51
190.236.45.169,1,2026-09-19 11:37:53,2026-09-19 11:37:53
190.239.194.108,1,2026-09-21 20:49:16,2026-09-21 20:49:16
190.24.65.74,1,2026-09-23 02:15:35,2026-09-23 02:15:35
190.244.13.87,1,2026-09-21 21:28:52,2026-09-21 21:28:52
190.255.132.32,1,2026-09-23 22:50:19,2026-09-23 22:50:19
190.26.150.195,1,2026-09-23 20:21:00,2026-09-23 20:21:00
190.28.178.1,1,2026-09-24 23:56:13,2026-09-24 23:56:13
190.32.231.146,1,2026-09-23 01:10:23,2026-09-23 01:10:23
190.4.123.244,1,2026-09-25 01:22:36,2026-09-25 01:22:36
190.44.232.49,1,2026-09-22 18:22:23,2026-09-22 18:22:23
190.5.32.134,1,2026-09-23 01:45:13,2026-09-23 01:45:13
190.5.32.69,1,2026-09-23 01:58:22,2026-09-23 01:58:22
190.5.33.2,1,2026-09-23 22:50:19,2026-09-23 22:50:19
190.5.35.17,1,2026-09-23 00:53:46,2026-09-23 00:53:46
190.5.36.64,1,2026-09-23 18:12:01,2026-09-23 18:12:01
190.5.37.82,1,2026-09-23 21:45:50,2026-09-23 21:45:50
190.5.38.137,1,2026-09-23 00:53:46,2026-09-23 00:53:46
190.5.38.161,1,2026-09-23 22:50:20,2026-09-23 22:50:20
190.5.38.191,1,2026-09-23 01:09:23,2026-09-23 01:09:23
190.5.44.221,1,2026-09-23 01:09:22,2026-09-23 01:09:22
190.5.57.38,1,2026-09-23 02:16:39,2026-09-23 02:16:39
190.52.66.248,1,2026-09-23 02:15:36,2026-09-23 02:15:36
190.52.72.251,1,2026-09-19 11:37:54,2026-09-19 11:37:54
190.52.72.80,1,2026-09-24 00:08:45,2026-09-24 00:08:45
190.6.176.36,1,2026-09-22 22:56:03,2026-09-22 22:56:03
190.6.18.238,1,2026-09-24 14:25:16,2026-09-24 14:25:16
190.61.32.21,1,2026-09-23 01:12:28,2026-09-23 01:12:28
190.65.108.62,1,2026-09-22 13:56:44,2026-09-22 13:56:44
190.66.88.193,1,2026-09-23 19:21:04,2026-09-23 19:21:04
190.67.196.32,1,2026-09-24 22:59:09,2026-09-24 22:59:09
190.75.254.46,1,2026-09-23 01:35:57,2026-09-23 01:35:57
190.80.233.110,1,2026-09-23 01:09:22,2026-09-23 01:09:22
190.83.102.48,1,2026-09-23 02:02:40,2026-09-23 02:02:40
190.83.32.109,1,2026-09-22 13:56:46,2026-09-22 13:56:46
190.89.159.193,1,2026-09-24 16:16:51,2026-09-24 16:16:51
190.89.184.75,1,2026-09-22 13:56:45,2026-09-22 13:56:45
190.89.235.192,1,2026-09-23 21:20:34,2026-09-23 21:20:34
190.89.246.215,1,2026-09-25 01:22:36,2026-09-25 01:22:36
190.89.78.184,1,2026-09-24 16:16:50,2026-09-24 16:16:50
190.9.115.12,1,2026-09-23 22:23:38,2026-09-23 22:23:38
190.90.17.53,1,2026-09-23 01:28:33,2026-09-23 01:28:33
190.90.221.137,1,2026-09-23 00:53:46,2026-09-23 00:53:46
190.90.251.42,1,2026-09-23 21:45:50,2026-09-23 21:45:50
190.92.102.251,1,2026-09-24 22:59:07,2026-09-24 22:59:07
190.92.99.251,1,2026-09-22 19:33:51,2026-09-22 19:33:51
190.93.27.218,1,2026-09-21 21:28:50,2026-09-21 21:28:50
190.95.134.150,1,2026-09-23 18:12:00,2026-09-23 18:12:00
190.97.22.103,1,2026-09-17 01:06:36,2026-09-17 01:06:36
190.97.231.53,1,2026-09-23 00:54:48,2026-09-23 00:54:48
190.97.240.16,1,2026-09-23 01:28:33,2026-09-23 01:28:33
190.97.245.39,1,2026-09-23 01:59:30,2026-09-23 01:59:30
190.97.9.44,1,2026-09-23 01:10:24,2026-09-23 01:10:24
191.10.105.134,1,2026-09-25 01:22:36,2026-09-25 01:22:36
191.102.248.15,1,2026-09-23 01:09:22,2026-09-23 01:09:22
191.107.209.214,1,2026-09-21 20:49:17,2026-09-21 20:49:17
191.11.158.141,1,2026-09-23 21:45:50,2026-09-23 21:45:50
191.113.206.144,1,2026-09-21 21:44:42,2026-09-21 21:44:42
191.114.12.193,1,2026-09-24 15:21:57,2026-09-24 15:21:57
191.114.190.47,1,2026-09-24 00:08:44,2026-09-24 00:08:44
191.118.21.208,1,2026-09-22 17:28:19,2026-09-22 17:28:19
191.118.3.69,1,2026-09-23 21:20:37,2026-09-23 21:20:37
191.119.253.121,1,2026-09-22 23:58:15,2026-09-22 23:58:15
191.123.126.89,1,2026-09-23 01:53:56,2026-09-23 01:53:56
191.128.1.207,1,2026-09-22 21:31:38,2026-09-22 21:31:38
191.128.82.24,1,2026-09-23 02:15:36,2026-09-23 02:15:36
191.13.201.91,1,2026-09-24 00:08:43,2026-09-24 00:08:43
191.156.18.40,1,2026-09-22 18:22:27,2026-09-22 18:22:27
191.160.36.196,1,2026-09-24 16:16:51,2026-09-24 16:16:51
191.177.175.161,1,2026-09-23 01:58:21,2026-09-23 01:58:21
191.177.197.190,1,2026-09-24 17:57:46,2026-09-24 17:57:46
191.177.199.237,1,2026-09-19 11:37:53,2026-09-19 11:37:53
191.178.177.179,1,2026-09-24 00:08:44,2026-09-24 00:08:44
191.178.252.120,1,2026-09-23 01:11:26,2026-09-23 01:11:26
191.179.68.22,1,2026-09-23 19:21:04,2026-09-23 19:21:04
191.179.94.117,1,2026-09-24 00:08:44,2026-09-24 00:08:44
191.182.75.157,1,2026-09-23 00:55:49,2026-09-23 00:55:49
191.183.40.72,1,2026-09-23 01:35:57,2026-09-23 01:35:57
191.185.20.20,1,2026-09-19 11:37:53,2026-09-19 11:37:53
191.185.21.146,1,2026-09-23 19:21:04,2026-09-23 19:21:04
191.185.78.71,1,2026-09-23 20:21:01,2026-09-23 20:21:01
191.19.33.138,1,2026-09-23 20:21:01,2026-09-23 20:21:01
191.19.36.47,1,2026-09-24 14:53:31,2026-09-24 14:53:31
191.191.151.89,1,2026-09-23 00:36:58,2026-09-23 00:36:58
191.193.191.46,1,2026-09-24 00:08:44,2026-09-24 00:08:44
191.201.108.219,1,2026-09-21 20:49:17,2026-09-21 20:49:17
191.205.10.192,1,2026-09-23 01:58:22,2026-09-23 01:58:22
191.205.205.220,1,2026-09-23 00:36:58,2026-09-23 00:36:58
191.22.54.159,1,2026-09-23 00:36:59,2026-09-23 00:36:59
191.240.128.26,1,2026-09-23 01:58:22,2026-09-23 01:58:22
191.240.217.16,1,2026-09-23 01:35:57,2026-09-23 01:35:57
191.240.218.145,1,2026-09-22 18:22:22,2026-09-22 18:22:22
191.240.218.92,1,2026-09-24 15:22:33,2026-09-24 15:22:33
191.240.31.155,1,2026-09-23 18:12:08,2026-09-23 18:12:08
191.241.200.15,1,2026-09-24 13:07:20,2026-09-24 13:07:20
191.241.25.20,1,2026-09-23 01:35:57,2026-09-23 01:35:57
191.242.146.194,1,2026-09-23 01:35:57,2026-09-23 01:35:57
191.242.195.116,1,2026-09-23 19:21:04,2026-09-23 19:21:04
191.242.223.13,1,2026-09-23 21:20:31,2026-09-23 21:20:31
191.242.223.14,1,2026-09-22 22:56:02,2026-09-22 22:56:02
191.242.234.56,1,2026-09-25 01:22:36,2026-09-25 01:22:36
191.242.51.112,1,2026-09-23 21:20:33,2026-09-23 21:20:33
191.242.51.58,1,2026-09-23 01:58:28,2026-09-23 01:58:28
191.242.53.103,1,2026-09-21 22:25:42,2026-09-21 22:25:42
191.243.150.48,1,2026-09-23 01:35:57,2026-09-23 01:35:57
191.243.240.245,1,2026-09-23 18:12:01,2026-09-23 18:12:01
191.243.89.92,1,2026-09-23 01:35:59,2026-09-23 01:35:59
191.249.247.220,1,2026-09-23 21:20:31,2026-09-23 21:20:31
191.253.120.121,1,2026-09-23 01:55:03,2026-09-23 01:55:03
191.253.122.103,1,2026-09-23 01:11:26,2026-09-23 01:11:26
191.253.41.130,1,2026-09-22 18:22:22,2026-09-22 18:22:22
191.254.62.60,1,2026-09-24 23:56:13,2026-09-24 23:56:13
191.255.217.92,1,2026-09-22 13:56:45,2026-09-22 13:56:45
191.26.117.135,1,2026-09-22 18:22:22,2026-09-22 18:22:22
191.33.0.51,1,2026-09-23 00:36:58,2026-09-23 00:36:58
191.36.197.61,1,2026-09-22 13:56:44,2026-09-22 13:56:44
191.36.219.96,1,2026-09-21 20:49:16,2026-09-21 20:49:16
191.36.226.206,1,2026-09-24 22:59:09,2026-09-24 22:59:09
191.37.129.214,1,2026-09-19 22:48:31,2026-09-19 22:48:31
191.37.169.218,1,2026-09-24 16:16:52,2026-09-24 16:16:52
191.37.172.49,1,2026-09-22 13:56:44,2026-09-22 13:56:44
191.37.174.10,1,2026-09-21 20:49:16,2026-09-21 20:49:16
191.37.174.110,1,2026-09-21 20:49:17,2026-09-21 20:49:17
191.37.174.151,1,2026-09-23 18:12:01,2026-09-23 18:12:01
191.37.21.158,1,2026-09-23 21:45:50,2026-09-23 21:45:50
191.37.215.19,1,2026-09-23 01:11:26,2026-09-23 01:11:26
191.38.19.225,1,2026-09-22 10:58:02,2026-09-22 10:58:02
191.44.88.66,1,2026-09-24 23:56:14,2026-09-24 23:56:14
191.5.121.252,1,2026-09-21 20:49:16,2026-09-21 20:49:16
191.5.205.166,1,2026-09-22 13:56:45,2026-09-22 13:56:45
191.5.224.13,1,2026-09-22 13:56:45,2026-09-22 13:56:45
191.5.234.189,1,2026-09-23 00:27:02,2026-09-23 00:27:02
191.5.255.215,1,2026-09-19 11:37:53,2026-09-19 11:37:53
191.5.66.207,1,2026-09-23 19:21:04,2026-09-23 19:21:04
191.52.241.157,1,2026-09-22 22:56:03,2026-09-22 22:56:03
191.53.126.8,1,2026-09-25 01:22:36,2026-09-25 01:22:36
191.54.87.76,1,2026-09-23 01:10:23,2026-09-23 01:10:23
191.6.103.31,1,2026-09-23 01:27:35,2026-09-23 01:27:35
191.6.2.16,1,2026-09-19 11:37:53,2026-09-19 11:37:53
191.7.72.216,1,2026-09-24 16:16:51,2026-09-24 16:16:51
191.7.96.51,1,2026-09-24 23:56:13,2026-09-24 23:56:13
191.8.36.48,1,2026-09-23 18:12:01,2026-09-23 18:12:01
191.85.37.6,1,2026-09-21 22:25:42,2026-09-21 22:25:42
191.85.51.7,1,2026-09-21 22:25:43,2026-09-21 22:25:43
191.89.48.63,1,2026-09-19 11:37:55,2026-09-19 11:37:55
191.95.130.27,1,2026-09-22 21:31:38,2026-09-22 21:31:38
191.95.160.59,1,2026-09-19 11:37:53,2026-09-19 11:37:53
191.97.125.131,1,2026-09-23 01:10:24,2026-09-23 01:10:24
191.97.46.227,1,2026-09-23 21:45:52,2026-09-23 21:45:52
191.97.7.244,1,2026-09-23 01:35:57,2026-09-23 01:35:57
192.140.93.50,1,2026-09-23 20:21:00,2026-09-23 20:21:00
192.141.115.55,1,2026-09-23 20:21:01,2026-09-23 20:21:01
192.145.168.151,1,2026-09-17 01:06:37,2026-09-17 01:06:37
192.145.168.162,1,2026-09-23 22:23:34,2026-09-23 22:23:34
192.162.210.155,1,2026-09-23 01:09:22,2026-09-23 01:09:22
192.223.105.53,1,2026-09-17 01:06:20,2026-09-17 01:06:20
192.223.121.14,1,2026-09-24 01:25:00,2026-09-24 01:25:00
193.107.18.125,1,2026-09-23 20:21:00,2026-09-23 20:21:00
193.163.187.65,1,2026-09-17 01:06:20,2026-09-17 01:06:20
193.187.103.251,1,2026-09-25 01:22:36,2026-09-25 01:22:36
193.188.113.180,1,2026-09-24 23:56:13,2026-09-24 23:56:13
193.233.120.237,1,2026-09-23 00:55:49,2026-09-23 00:55:49
193.233.121.59,1,2026-09-22 13:56:45,2026-09-22 13:56:45
193.24.126.138,1,2026-09-23 00:54:48,2026-09-23 00:54:48
193.24.199.36,1,2026-09-22 23:48:35,2026-09-22 23:48:35
193.26.3.143,1,2026-09-23 01:28:33,2026-09-23 01:28:33
193.33.189.50,1,2026-09-23 01:09:22,2026-09-23 01:09:22
193.33.189.52,1,2026-09-24 01:24:59,2026-09-24 01:24:59
193.33.39.37,1,2026-09-22 23:48:35,2026-09-22 23:48:35
193.56.12.107,1,2026-09-23 01:55:05,2026-09-23 01:55:05
193.93.231.67,1,2026-09-23 01:11:26,2026-09-23 01:11:26
193.93.54.248,1,2026-09-23 01:58:22,2026-09-23 01:58:22
194.12.87.140,1,2026-09-23 01:12:30,2026-09-23 01:12:30
194.124.36.197,1,2026-09-23 02:14:35,2026-09-23 02:14:35
194.127.110.127,1,2026-09-23 01:55:04,2026-09-23 01:55:04
194.146.191.112,1,2026-09-21 21:44:43,2026-09-21 21:44:43
194.182.117.233,1,2026-09-24 00:08:43,2026-09-24 00:08:43
194.242.100.121,1,2026-09-22 17:28:18,2026-09-22 17:28:18
194.242.98.246,1,2026-09-22 23:58:15,2026-09-22 23:58:15
194.246.89.11,1,2026-09-24 23:56:13,2026-09-24 23:56:13
194.32.242.158,1,2026-09-23 00:54:48,2026-09-23 00:54:48
194.39.227.96,1,2026-09-24 22:59:07,2026-09-24 22:59:07
194.44.19.167,1,2026-09-22 23:58:15,2026-09-22 23:58:15
194.44.19.77,1,2026-09-23 02:14:32,2026-09-23 02:14:32
194.44.57.165,1,2026-09-24 14:25:15,2026-09-24 14:25:15
194.44.57.44,1,2026-09-23 01:59:30,2026-09-23 01:59:30
194.44.96.242,1,2026-09-23 20:21:00,2026-09-23 20:21:00
194.44.97.86,1,2026-09-23 22:23:33,2026-09-23 22:23:33
194.50.51.238,1,2026-09-24 23:56:13,2026-09-24 23:56:13
195.114.145.240,1,2026-09-24 00:08:43,2026-09-24 00:08:43
195.140.224.247,1,2026-09-22 19:33:53,2026-09-22 19:33:53
195.142.25.196,1,2026-09-23 00:54:11,2026-09-23 00:54:11
195.2.206.197,1,2026-09-23 21:20:31,2026-09-23 21:20:31
195.205.75.243,1,2026-09-21 21:44:42,2026-09-21 21:44:42
195.60.236.10,1,2026-09-23 00:53:46,2026-09-23 00:53:46
195.62.50.26,1,2026-09-23 01:09:27,2026-09-23 01:09:27
195.64.239.133,1,2026-09-23 01:55:04,2026-09-23 01:55:04
195.66.192.18,1,2026-09-22 23:58:15,2026-09-22 23:58:15
195.68.203.149,1,2026-09-23 22:23:35,2026-09-23 22:23:35
195.7.11.29,1,2026-09-23 00:53:46,2026-09-23 00:53:46
195.78.101.66,1,2026-09-23 02:02:40,2026-09-23 02:02:40
196.117.249.247,1,2026-09-22 17:28:18,2026-09-22 17:28:18
196.170.108.180,1,2026-09-23 01:58:22,2026-09-23 01:58:22
196.170.24.204,1,2026-09-23 22:50:20,2026-09-23 22:50:20
196.170.4.73,1,2026-09-23 22:50:20,2026-09-23 22:50:20
196.171.107.29,1,2026-09-24 23:56:13,2026-09-24 23:56:13
196.171.110.243,1,2026-09-23 02:15:01,2026-09-23 02:15:01
196.171.30.118,1,2026-09-23 01:59:30,2026-09-23 01:59:30
196.171.46.68,1,2026-09-22 23:16:22,2026-09-22 23:16:22
196.188.177.219,1,2026-09-23 01:29:04,2026-09-23 01:29:04
196.188.179.181,1,2026-09-23 01:11:36,2026-09-23 01:11:36
196.188.241.63,1,2026-09-22 19:33:51,2026-09-22 19:33:51
196.188.244.156,1,2026-09-23 01:55:03,2026-09-23 01:55:03
196.188.255.234,1,2026-09-23 01:09:23,2026-09-23 01:09:23
196.188.34.211,1,2026-09-23 01:28:33,2026-09-23 01:28:33
196.188.36.101,1,2026-09-21 21:44:43,2026-09-21 21:44:43
196.189.103.5,1,2026-09-22 19:33:52,2026-09-22 19:33:52
196.189.145.252,1,2026-09-24 14:53:32,2026-09-24 14:53:32
196.189.154.4,1,2026-09-17 01:06:31,2026-09-17 01:06:31
196.189.224.144,1,2026-09-23 01:12:29,2026-09-23 01:12:29
196.189.224.7,1,2026-09-23 22:23:34,2026-09-23 22:23:34
196.189.225.193,1,2026-09-22 23:58:15,2026-09-22 23:58:15
196.189.226.23,1,2026-09-22 17:28:19,2026-09-22 17:28:19
196.189.43.69,1,2026-09-23 21:45:50,2026-09-23 21:45:50
196.189.80.154,1,2026-09-23 01:27:43,2026-09-23 01:27:43
196.189.88.29,1,2026-09-23 22:50:19,2026-09-23 22:50:19
196.189.89.207,1,2026-09-23 01:59:30,2026-09-23 01:59:30
196.190.60.138,1,2026-09-23 21:45:58,2026-09-23 21:45:58
196.190.61.12,1,2026-09-23 01:11:28,2026-09-23 01:11:28
196.190.62.241,1,2026-09-17 01:06:21,2026-09-17 01:06:21
196.190.62.77,1,2026-09-24 23:56:17,2026-09-24 23:56:17
196.190.62.84,1,2026-09-23 22:23:34,2026-09-23 22:23:34
196.191.112.31,1,2026-09-23 01:53:58,2026-09-23 01:53:58
196.191.240.236,1,2026-09-23 01:27:39,2026-09-23 01:27:39
196.192.88.57,1,2026-09-23 01:11:55,2026-09-23 01:11:55
196.207.218.34,1,2026-09-22 13:56:46,2026-09-22 13:56:46
196.207.231.185,1,2026-09-22 21:31:45,2026-09-22 21:31:45
196.207.235.151,1,2026-09-23 01:55:06,2026-09-23 01:55:06
196.207.235.176,1,2026-09-23 01:28:34,2026-09-23 01:28:34
196.208.53.221,1,2026-09-21 21:28:51,2026-09-21 21:28:51
196.210.177.181,1,2026-09-17 01:06:32,2026-09-17 01:06:32
196.216.60.7,1,2026-09-23 01:09:23,2026-09-23 01:09:23
196.216.60.8,1,2026-09-24 01:25:03,2026-09-24 01:25:03
196.249.113.97,1,2026-09-22 23:16:20,2026-09-22 23:16:20
196.25.120.230,1,2026-09-23 01:10:25,2026-09-23 01:10:25
196.250.8.82,1,2026-09-23 02:16:39,2026-09-23 02:16:39
196.3.214.91,1,2026-09-19 11:37:54,2026-09-19 11:37:54
196.32.100.141,1,2026-09-24 22:59:08,2026-09-24 22:59:08
196.39.202.215,1,2026-09-22 13:56:46,2026-09-22 13:56:46
196.39.250.175,1,2026-09-21 21:44:43,2026-09-21 21:44:43
196.39.3.222,1,2026-09-23 00:53:46,2026-09-23 00:53:46
196.39.5.15,1,2026-09-23 01:28:33,2026-09-23 01:28:33
196.65.204.11,1,2026-09-22 23:58:17,2026-09-22 23:58:17
196.70.246.88,1,2026-09-23 20:21:00,2026-09-23 20:21:00
196.84.93.219,1,2026-09-23 01:28:33,2026-09-23 01:28:33
196.89.222.193,1,2026-09-23 02:16:39,2026-09-23 02:16:39
196.89.4.152,1,2026-09-24 01:24:58,2026-09-24 01:24:58
196.92.211.171,1,2026-09-23 01:10:23,2026-09-23 01:10:23
197.134.69.211,1,2026-09-21 22:25:44,2026-09-21 22:25:44
197.144.116.29,1,2026-09-22 23:48:35,2026-09-22 23:48:35
197.145.130.106,1,2026-09-23 02:02:40,2026-09-23 02:02:40
197.145.146.209,1,2026-09-23 21:45:56,2026-09-23 21:45:56
197.146.66.17,1,2026-09-23 01:45:16,2026-09-23 01:45:16
197.149.245.182,1,2026-09-23 22:23:35,2026-09-23 22:23:35
197.184.105.31,1,2026-09-17 01:06:37,2026-09-17 01:06:37
197.184.120.92,1,2026-09-17 01:06:31,2026-09-17 01:06:31
197.184.125.49,1,2026-09-23 01:28:36,2026-09-23 01:28:36
197.184.126.132,1,2026-09-23 02:02:40,2026-09-23 02:02:40
197.184.67.246,1,2026-09-23 01:27:32,2026-09-23 01:27:32
197.184.76.102,1,2026-09-24 14:25:16,2026-09-24 14:25:16
197.184.79.15,1,2026-09-22 23:48:35,2026-09-22 23:48:35
197.185.130.172,1,2026-09-23 21:45:50,2026-09-23 21:45:50
197.185.160.126,1,2026-09-23 02:14:36,2026-09-23 02:14:36
197.185.163.86,1,2026-09-22 17:28:19,2026-09-22 17:28:19
197.185.165.139,1,2026-09-19 02:30:45,2026-09-19 02:30:45
197.185.178.176,1,2026-09-23 01:58:23,2026-09-23 01:58:23
197.185.223.204,1,2026-09-22 23:58:15,2026-09-22 23:58:15
197.186.3.213,1,2026-09-23 21:45:50,2026-09-23 21:45:50
197.188.50.6,1,2026-09-23 00:53:57,2026-09-23 00:53:57
197.211.61.29,1,2026-09-23 02:16:43,2026-09-23 02:16:43
197.217.13.14,1,2026-09-23 01:11:00,2026-09-23 01:11:00
197.221.251.100,1,2026-09-23 00:54:48,2026-09-23 00:54:48
197.221.251.185,1,2026-09-23 00:27:02,2026-09-23 00:27:02
197.232.48.122,1,2026-09-23 19:21:06,2026-09-23 19:21:06
197.237.46.23,1,2026-09-24 23:56:15,2026-09-24 23:56:15
197.245.116.195,1,2026-09-24 01:24:59,2026-09-24 01:24:59
197.248.214.169,1,2026-09-23 00:53:46,2026-09-23 00:53:46
197.249.79.75,1,2026-09-25 01:22:37,2026-09-25 01:22:37
197.65.115.49,1,2026-09-23 00:53:46,2026-09-23 00:53:46
197.82.218.77,1,2026-09-23 00:53:46,2026-09-23 00:53:46
197.88.225.165,1,2026-09-23 01:59:35,2026-09-23 01:59:35
197.89.33.248,1,2026-09-17 01:06:33,2026-09-17 01:06:33
197.90.61.107,1,2026-09-23 22:23:35,2026-09-23 22:23:35
197.91.66.116,1,2026-09-23 01:55:03,2026-09-23 01:55:03
197.95.120.237,1,2026-09-23 22:50:20,2026-09-23 22:50:20
197.95.127.180,1,2026-09-23 20:21:01,2026-09-23 20:21:01
197.95.25.240,1,2026-09-24 16:16:51,2026-09-24 16:16:51
197.95.5.245,1,2026-09-21 21:28:53,2026-09-21 21:28:53
197.95.52.35,1,2026-09-22 23:58:15,2026-09-22 23:58:15
197.95.72.247,1,2026-09-23 00:27:02,2026-09-23 00:27:02
197.95.74.138,1,2026-09-23 22:23:43,2026-09-23 22:23:43
198.12.58.100,1,2026-09-23 01:09:22,2026-09-23 01:09:22
198.163.192.146,1,2026-09-23 01:35:57,2026-09-23 01:35:57
198.163.193.130,1,2026-09-23 01:11:26,2026-09-23 01:11:26
198.163.193.241,1,2026-09-24 01:24:58,2026-09-24 01:24:58
198.163.194.127,1,2026-09-22 13:56:45,2026-09-22 13:56:45
198.163.194.3,1,2026-09-22 23:16:20,2026-09-22 23:16:20
198.254.159.114,1,2026-09-24 22:59:07,2026-09-24 22:59:07
2.132.80.6,1,2026-09-24 23:56:23,2026-09-24 23:56:23
2.134.189.250,1,2026-09-21 20:49:18,2026-09-21 20:49:18
2.155.18.187,1,2026-09-22 23:16:20,2026-09-22 23:16:20
2.211.63.194,1,2026-09-23 02:14:32,2026-09-23 02:14:32
2.38.140.102,1,2026-09-24 22:59:07,2026-09-24 22:59:07
2.44.136.76,1,2026-09-22 18:22:23,2026-09-22 18:22:23
2.50.140.152,1,2026-09-22 23:58:16,2026-09-22 23:58:16
2.50.143.41,1,2026-09-22 23:58:20,2026-09-22 23:58:20
2.90.90.204,1,2026-09-23 01:10:24,2026-09-23 01:10:24
2.97.35.178,1,2026-09-22 23:58:15,2026-09-22 23:58:15
200.10.28.116,1,2026-09-19 11:37:53,2026-09-19 11:37:53
200.104.183.123,1,2026-09-23 21:45:50,2026-09-23 21:45:50
200.107.240.132,1,2026-09-23 00:27:02,2026-09-23 00:27:02
200.109.208.212,1,2026-09-24 14:25:15,2026-09-24 14:25:15
200.110.102.3,1,2026-09-22 13:56:44,2026-09-22 13:56:44
200.110.203.30,1,2026-09-21 20:49:16,2026-09-21 20:49:16
200.110.99.137,1,2026-09-23 00:53:46,2026-09-23 00:53:46
200.112.221.251,1,2026-09-22 23:48:35,2026-09-22 23:48:35
200.114.111.210,1,2026-09-23 02:14:32,2026-09-23 02:14:32
200.116.227.203,1,2026-09-23 22:23:34,2026-09-23 22:23:34
200.118.145.33,1,2026-09-25 01:22:36,2026-09-25 01:22:36
200.118.145.56,1,2026-09-23 00:55:48,2026-09-23 00:55:48
200.120.158.143,1,2026-09-23 00:55:49,2026-09-23 00:55:49
200.120.193.185,1,2026-09-23 01:45:14,2026-09-23 01:45:14
200.120.222.67,1,2026-09-22 19:33:56,2026-09-22 19:33:56
200.121.220.74,1,2026-09-17 01:06:20,2026-09-17 01:06:20
200.123.52.229,1,2026-09-24 01:24:59,2026-09-24 01:24:59
200.124.167.121,1,2026-09-22 22:56:02,2026-09-22 22:56:02
200.124.79.36,1,2026-09-23 02:16:40,2026-09-23 02:16:40
200.125.168.57,1,2026-09-19 11:37:53,2026-09-19 11:37:53
200.138.162.137,1,2026-09-19 22:48:34,2026-09-19 22:48:34
200.150.244.45,1,2026-09-24 16:16:51,2026-09-24 16:16:51
200.150.250.3,1,2026-09-23 01:12:28,2026-09-23 01:12:28
200.150.254.225,1,2026-09-19 11:37:53,2026-09-19 11:37:53
200.151.10.38,1,2026-09-23 01:10:28,2026-09-23 01:10:28
200.151.163.228,1,2026-09-21 21:44:43,2026-09-21 21:44:43
200.151.17.5,1,2026-09-21 21:44:43,2026-09-21 21:44:43
200.151.21.14,1,2026-09-22 22:56:02,2026-09-22 22:56:02
200.151.7.100,1,2026-09-19 11:37:53,2026-09-19 11:37:53
200.151.7.93,1,2026-09-21 20:49:16,2026-09-21 20:49:16
200.152.17.254,1,2026-09-23 01:10:24,2026-09-23 01:10:24
200.152.7.191,1,2026-09-23 21:20:31,2026-09-23 21:20:31
200.153.161.247,1,2026-09-19 22:48:32,2026-09-19 22:48:32
200.155.147.18,1,2026-09-22 13:56:45,2026-09-22 13:56:45
200.155.179.237,1,2026-09-24 14:53:31,2026-09-24 14:53:31
200.158.251.15,1,2026-09-23 21:20:31,2026-09-23 21:20:31
200.159.181.93,1,2026-09-23 19:21:04,2026-09-23 19:21:04
200.165.109.108,1,2026-09-22 10:57:54,2026-09-22 10:57:54
200.170.211.72,1,2026-09-24 16:16:50,2026-09-24 16:16:50
200.170.241.20,1,2026-09-23 01:55:04,2026-09-23 01:55:04
200.18.122.28,1,2026-09-23 01:09:22,2026-09-23 01:09:22
200.189.28.156,1,2026-09-22 18:22:23,2026-09-22 18:22:23
200.189.9.225,1,2026-09-23 01:59:30,2026-09-23 01:59:30
200.192.103.2,1,2026-09-22 21:31:40,2026-09-22 21:31:40
200.196.131.42,1,2026-09-24 17:57:46,2026-09-24 17:57:46
200.199.96.101,1,2026-09-21 20:49:16,2026-09-21 20:49:16
200.2.163.21,1,2026-09-23 01:28:37,2026-09-23 01:28:37
200.2.29.51,1,2026-09-23 01:10:23,2026-09-23 01:10:23
200.201.137.229,1,2026-09-23 20:21:01,2026-09-23 20:21:01
200.202.98.75,1,2026-09-23 02:02:40,2026-09-23 02:02:40
200.203.191.231,1,2026-09-22 23:16:20,2026-09-22 23:16:20
200.210.120.24,1,2026-09-17 01:06:22,2026-09-17 01:06:22
200.215.226.245,1,2026-09-23 02:16:39,2026-09-23 02:16:39
200.216.35.155,1,2026-09-22 23:58:18,2026-09-22 23:58:18
200.217.253.140,1,2026-09-22 13:56:44,2026-09-22 13:56:44
200.223.100.47,1,2026-09-23 00:54:48,2026-09-23 00:54:48
200.225.113.48,1,2026-09-25 01:22:36,2026-09-25 01:22:36
200.225.115.85,1,2026-09-23 02:14:33,2026-09-23 02:14:33
200.225.116.227,1,2026-09-23 01:28:34,2026-09-23 01:28:34
200.225.141.219,1,2026-09-23 00:27:02,2026-09-23 00:27:02
200.225.60.3,1,2026-09-23 00:27:03,2026-09-23 00:27:03
200.229.244.108,1,2026-09-24 00:08:44,2026-09-24 00:08:44
200.233.58.19,1,2026-09-24 01:24:59,2026-09-24 01:24:59
200.236.237.17,1,2026-09-23 02:14:32,2026-09-23 02:14:32
200.236.252.165,1,2026-09-23 01:27:35,2026-09-23 01:27:35
200.237.149.150,1,2026-09-22 10:57:54,2026-09-22 10:57:54
200.24.123.254,1,2026-09-24 00:08:49,2026-09-24 00:08:49
200.24.98.144,1,2026-09-23 20:21:01,2026-09-23 20:21:01
200.25.160.110,1,2026-09-23 01:59:43,2026-09-23 01:59:43
200.26.226.207,1,2026-09-23 01:11:26,2026-09-23 01:11:26
200.3.18.165,1,2026-09-24 22:59:08,2026-09-24 22:59:08
200.33.135.25,1,2026-09-19 11:37:54,2026-09-19 11:37:54
200.36.152.134,1,2026-09-23 01:58:21,2026-09-23 01:58:21
200.36.152.28,1,2026-09-23 21:45:50,2026-09-23 21:45:50
200.36.155.22,1,2026-09-23 22:23:33,2026-09-23 22:23:33
200.36.207.43,1,2026-09-23 20:21:01,2026-09-23 20:21:01
200.4.99.49,1,2026-09-23 21:20:32,2026-09-23 21:20:32
200.41.113.215,1,2026-09-23 01:59:30,2026-09-23 01:59:30
200.46.55.160,1,2026-09-23 20:21:07,2026-09-23 20:21:07
200.49.119.69,1,2026-09-23 01:55:04,2026-09-23 01:55:04
200.50.148.150,1,2026-09-17 01:06:20,2026-09-17 01:06:20
200.50.155.113,1,2026-09-23 00:53:46,2026-09-23 00:53:46
200.52.231.79,1,2026-09-23 21:45:50,2026-09-23 21:45:50
200.53.205.10,1,2026-09-21 20:49:17,2026-09-21 20:49:17
200.53.205.182,1,2026-09-19 11:37:54,2026-09-19 11:37:54
200.53.206.231,1,2026-09-23 18:12:01,2026-09-23 18:12:01
200.53.206.73,1,2026-09-23 02:15:36,2026-09-23 02:15:36
200.53.9.218,1,2026-09-23 00:27:02,2026-09-23 00:27:02
200.59.191.185,1,2026-09-23 01:55:03,2026-09-23 01:55:03
200.6.89.143,1,2026-09-23 21:20:31,2026-09-23 21:20:31
200.6.92.149,1,2026-09-23 00:27:02,2026-09-23 00:27:02
200.63.111.91,1,2026-09-21 21:28:51,2026-09-21 21:28:51
200.69.45.210,1,2026-09-22 23:58:15,2026-09-22 23:58:15
200.7.123.9,1,2026-09-25 01:22:36,2026-09-25 01:22:36
200.71.111.6,1,2026-09-22 23:58:15,2026-09-22 23:58:15
200.71.119.59,1,2026-09-17 01:06:20,2026-09-17 01:06:20
200.73.217.37,1,2026-09-23 02:16:10,2026-09-23 02:16:10
200.73.218.175,1,2026-09-23 00:37:00,2026-09-23 00:37:00
200.74.88.133,1,2026-09-23 01:12:28,2026-09-23 01:12:28
200.74.93.192,1,2026-09-23 02:15:35,2026-09-23 02:15:35
200.75.107.130,1,2026-09-23 01:27:32,2026-09-23 01:27:32
200.75.134.245,1,2026-09-24 23:56:14,2026-09-24 23:56:14
200.75.181.158,1,2026-09-23 00:36:59,2026-09-23 00:36:59
200.77.51.218,1,2026-09-23 02:16:39,2026-09-23 02:16:39
200.8.235.234,1,2026-09-21 21:44:42,2026-09-21 21:44:42
200.8.92.114,1,2026-09-23 02:15:35,2026-09-23 02:15:35
200.82.153.189,1,2026-09-23 01:55:03,2026-09-23 01:55:03
200.9.23.47,1,2026-09-23 02:02:40,2026-09-23 02:02:40
200.90.235.212,1,2026-09-23 18:12:01,2026-09-23 18:12:01
200.93.116.140,1,2026-09-23 01:09:22,2026-09-23 01:09:22
201.10.45.101,1,2026-09-24 17:57:46,2026-09-24 17:57:46
201.10.52.153,1,2026-09-24 14:25:19,2026-09-24 14:25:19
201.102.176.59,1,2026-09-23 01:28:34,2026-09-23 01:28:34
201.102.71.95,1,2026-09-24 14:25:15,2026-09-24 14:25:15
201.103.150.135,1,2026-09-22 23:48:38,2026-09-22 23:48:38
201.103.204.170,1,2026-09-23 02:02:57,2026-09-23 02:02:57
201.108.5.174,1,2026-09-23 22:23:34,2026-09-23 22:23:34
201.111.125.1,1,2026-09-23 01:59:30,2026-09-23 01:59:30
201.113.203.115,1,2026-09-23 18:12:01,2026-09-23 18:12:01
201.119.178.142,1,2026-09-21 21:44:42,2026-09-21 21:44:42
201.119.86.138,1,2026-09-23 01:55:03,2026-09-23 01:55:03
201.124.133.78,1,2026-09-23 01:35:57,2026-09-23 01:35:57
201.124.15.104,1,2026-09-23 00:53:46,2026-09-23 00:53:46
201.124.242.125,1,2026-09-22 13:56:47,2026-09-22 13:56:47
201.13.168.213,1,2026-09-22 22:56:02,2026-09-22 22:56:02
201.130.20.222,1,2026-09-23 00:36:58,2026-09-23 00:36:58
201.131.173.55,1,2026-09-22 18:22:22,2026-09-22 18:22:22
201.132.250.131,1,2026-09-24 01:24:58,2026-09-24 01:24:58
201.132.252.88,1,2026-09-23 00:55:48,2026-09-23 00:55:48
201.137.72.76,1,2026-09-23 00:54:48,2026-09-23 00:54:48
201.138.192.12,1,2026-09-22 23:48:35,2026-09-22 23:48:35
201.138.193.136,1,2026-09-23 22:50:19,2026-09-23 22:50:19
201.138.198.32,1,2026-09-23 02:14:33,2026-09-23 02:14:33
201.139.95.35,1,2026-09-21 20:49:16,2026-09-21 20:49:16
201.140.232.157,1,2026-09-21 22:25:47,2026-09-21 22:25:47
201.141.20.244,1,2026-09-23 00:53:46,2026-09-23 00:53:46
201.141.28.67,1,2026-09-23 01:35:57,2026-09-23 01:35:57
201.145.160.245,1,2026-09-23 02:15:36,2026-09-23 02:15:36
201.148.118.192,1,2026-09-23 01:35:57,2026-09-23 01:35:57
201.15.183.89,1,2026-09-23 01:35:57,2026-09-23 01:35:57
201.150.158.73,1,2026-09-24 00:08:45,2026-09-24 00:08:45
201.150.52.193,1,2026-09-23 01:59:30,2026-09-23 01:59:30
201.150.57.75,1,2026-09-23 19:21:07,2026-09-23 19:21:07
201.159.182.94,1,2026-09-23 19:21:04,2026-09-23 19:21:04
201.159.55.120,1,2026-09-23 01:10:28,2026-09-23 01:10:28
201.159.74.228,1,2026-09-22 13:56:45,2026-09-22 13:56:45
201.162.104.70,1,2026-09-23 00:53:46,2026-09-23 00:53:46
201.17.159.162,1,2026-09-23 01:09:22,2026-09-23 01:09:22
201.175.55.92,1,2026-09-23 02:15:48,2026-09-23 02:15:48
201.175.61.101,1,2026-09-23 01:35:58,2026-09-23 01:35:58
201.18.7.22,1,2026-09-23 02:15:36,2026-09-23 02:15:36
201.182.181.25,1,2026-09-22 13:56:44,2026-09-22 13:56:44
201.182.185.41,1,2026-09-23 01:53:56,2026-09-23 01:53:56
201.182.186.13,1,2026-09-22 19:33:51,2026-09-22 19:33:51
201.182.249.210,1,2026-09-21 23:11:36,2026-09-21 23:11:36
201.188.249.130,1,2026-09-22 18:22:23,2026-09-22 18:22:23
201.188.65.252,1,2026-09-23 02:16:39,2026-09-23 02:16:39
201.194.31.86,1,2026-09-23 00:54:49,2026-09-23 00:54:49
201.2.170.189,1,2026-09-24 16:16:51,2026-09-24 16:16:51
201.20.127.156,1,2026-09-23 02:15:48,2026-09-23 02:15:48
201.206.191.164,1,2026-09-23 01:12:29,2026-09-23 01:12:29
201.208.206.201,1,2026-09-22 23:58:17,2026-09-22 23:58:17
201.209.126.80,1,2026-09-24 22:59:07,2026-09-24 22:59:07
201.21.152.227,1,2026-09-25 01:22:36,2026-09-25 01:22:36
201.214.160.167,1,2026-09-21 20:49:16,2026-09-21 20:49:16
201.214.88.183,1,2026-09-23 02:02:40,2026-09-23 02:02:40
201.218.163.154,1,2026-09-24 14:25:18,2026-09-24 14:25:18
201.219.166.161,1,2026-09-23 02:16:39,2026-09-23 02:16:39
201.219.65.143,1,2026-09-23 00:53:46,2026-09-23 00:53:46
201.220.103.41,1,2026-09-23 01:59:32,2026-09-23 01:59:32
201.220.22.225,1,2026-09-24 22:59:07,2026-09-24 22:59:07
201.220.98.39,1,2026-09-23 02:15:55,2026-09-23 02:15:55
201.221.112.26,1,2026-09-23 20:21:01,2026-09-23 20:21:01
201.221.113.72,1,2026-09-24 23:56:14,2026-09-24 23:56:14
201.221.114.98,1,2026-09-22 23:16:22,2026-09-22 23:16:22
201.221.176.93,1,2026-09-22 21:31:38,2026-09-22 21:31:38
201.221.178.30,1,2026-09-23 01:53:58,2026-09-23 01:53:58
201.224.111.34,1,2026-09-23 21:20:31,2026-09-23 21:20:31
201.233.134.95,1,2026-09-23 01:10:24,2026-09-23 01:10:24
201.234.96.70,1,2026-09-24 16:16:51,2026-09-24 16:16:51
201.239.62.85,1,2026-09-22 21:31:39,2026-09-22 21:31:39
201.243.112.175,1,2026-09-24 13:07:22,2026-09-24 13:07:22
201.245.229.135,1,2026-09-24 15:21:56,2026-09-24 15:21:56
201.246.150.182,1,2026-09-23 01:58:23,2026-09-23 01:58:23
201.27.105.136,1,2026-09-23 02:16:39,2026-09-23 02:16:39
201.27.152.20,1,2026-09-24 23:56:13,2026-09-24 23:56:13
201.27.177.244,1,2026-09-24 13:07:20,2026-09-24 13:07:20
201.32.120.178,1,2026-09-24 17:57:46,2026-09-24 17:57:46
201.32.120.85,1,2026-09-22 22:56:05,2026-09-22 22:56:05
201.33.202.33,1,2026-09-23 20:21:02,2026-09-23 20:21:02
201.33.72.144,1,2026-09-23 02:15:35,2026-09-23 02:15:35
201.33.75.84,1,2026-09-21 20:49:17,2026-09-21 20:49:17
201.37.169.12,1,2026-09-23 01:58:21,2026-09-23 01:58:21
201.4.65.60,1,2026-09-23 01:55:14,2026-09-23 01:55:14
201.4.68.148,1,2026-09-21 21:44:42,2026-09-21 21:44:42
201.41.155.37,1,2026-09-24 14:53:31,2026-09-24 14:53:31
201.42.169.92,1,2026-09-19 11:37:58,2026-09-19 11:37:58
201.43.97.155,1,2026-09-23 20:21:00,2026-09-23 20:21:00
201.49.252.153,1,2026-09-22 23:58:20,2026-09-22 23:58:20
201.69.132.20,1,2026-09-23 20:21:01,2026-09-23 20:21:01
201.69.85.151,1,2026-09-21 22:25:42,2026-09-21 22:25:42
201.7.214.18,1,2026-09-21 21:28:50,2026-09-21 21:28:50
201.7.31.215,1,2026-09-22 22:56:02,2026-09-22 22:56:02
201.7.31.51,1,2026-09-23 01:10:34,2026-09-23 01:10:34
201.71.36.22,1,2026-09-21 21:44:42,2026-09-21 21:44:42
201.71.42.225,1,2026-09-22 23:58:15,2026-09-22 23:58:15
201.75.183.85,1,2026-09-22 19:33:51,2026-09-22 19:33:51
201.75.186.85,1,2026-09-24 16:16:52,2026-09-24 16:16:52
201.75.187.145,1,2026-09-23 18:12:01,2026-09-23 18:12:01
201.76.101.33,1,2026-09-24 17:57:46,2026-09-24 17:57:46
201.77.171.167,1,2026-09-23 19:21:04,2026-09-23 19:21:04
201.77.174.44,1,2026-09-23 01:12:28,2026-09-23 01:12:28
201.77.97.235,1,2026-09-23 01:35:57,2026-09-23 01:35:57
201.86.13.120,1,2026-09-23 19:21:04,2026-09-23 19:21:04
201.87.199.13,1,2026-09-24 22:59:07,2026-09-24 22:59:07
201.87.253.96,1,2026-09-22 21:31:42,2026-09-22 21:31:42
201.89.99.37,1,2026-09-22 22:56:02,2026-09-22 22:56:02
201.93.99.43,1,2026-09-22 18:22:22,2026-09-22 18:22:22
202.1.24.114,1,2026-09-23 01:10:23,2026-09-23 01:10:23
202.133.70.2,1,2026-09-24 14:25:15,2026-09-24 14:25:15
202.133.79.244,1,2026-09-23 00:27:03,2026-09-23 00:27:03
202.14.122.153,1,2026-09-24 14:25:16,2026-09-24 14:25:16
202.141.26.132,1,2026-09-24 00:08:45,2026-09-24 00:08:45
202.141.43.122,1,2026-09-23 22:23:34,2026-09-23 22:23:34
202.141.55.28,1,2026-09-22 23:48:37,2026-09-22 23:48:37
202.142.103.212,1,2026-09-24 22:59:08,2026-09-24 22:59:08
202.142.169.186,1,2026-09-23 01:58:21,2026-09-23 01:58:21
202.142.73.56,1,2026-09-22 23:16:20,2026-09-22 23:16:20
202.148.61.136,1,2026-09-24 14:25:16,2026-09-24 14:25:16
202.148.61.205,1,2026-09-24 13:07:20,2026-09-24 13:07:20
202.148.61.248,1,2026-09-22 17:28:26,2026-09-22 17:28:26
202.157.190.207,1,2026-09-23 01:53:56,2026-09-23 01:53:56
202.163.81.191,1,2026-09-23 21:20:31,2026-09-23 21:20:31
202.165.85.5,1,2026-09-21 21:44:43,2026-09-21 21:44:43
202.165.86.103,1,2026-09-23 02:02:40,2026-09-23 02:02:40
202.168.65.78,1,2026-09-22 17:28:18,2026-09-22 17:28:18
202.181.6.85,1,2026-09-23 01:11:26,2026-09-23 01:11:26
202.188.12.15,1,2026-09-23 00:53:46,2026-09-23 00:53:46
202.191.122.211,1,2026-09-24 16:16:50,2026-09-24 16:16:50
202.191.127.107,1,2026-09-22 23:58:15,2026-09-22 23:58:15
202.37.47.194,1,2026-09-24 16:16:50,2026-09-24 16:16:50
202.44.104.52,1,2026-09-24 22:59:07,2026-09-24 22:59:07
202.47.53.35,1,2026-09-23 21:45:52,2026-09-23 21:45:52
202.47.55.83,1,2026-09-24 17:57:45,2026-09-24 17:57:45
202.5.45.25,1,2026-09-19 22:48:33,2026-09-19 22:48:33
202.58.66.54,1,2026-09-19 22:48:35,2026-09-19 22:48:35
202.58.72.196,1,2026-09-23 00:54:47,2026-09-23 00:54:47
202.61.110.215,1,2026-09-21 21:28:50,2026-09-21 21:28:50
202.62.104.204,1,2026-09-22 19:33:52,2026-09-22 19:33:52
202.63.209.108,1,2026-09-23 01:27:32,2026-09-23 01:27:32
202.69.63.98,1,2026-09-25 01:22:36,2026-09-25 01:22:36
202.79.186.174,1,2026-09-23 02:15:33,2026-09-23 02:15:33
202.79.190.159,1,2026-09-22 23:16:21,2026-09-22 23:16:21
202.79.191.225,1,2026-09-24 17:57:46,2026-09-24 17:57:46
202.79.191.46,1,2026-09-24 13:07:20,2026-09-24 13:07:20
202.86.159.58,1,2026-09-22 18:22:22,2026-09-22 18:22:22
202.9.123.209,1,2026-09-23 21:45:53,2026-09-23 21:45:53
203.172.180.10,1,2026-09-24 14:53:31,2026-09-24 14:53:31
203.177.99.218,1,2026-09-23 02:02:40,2026-09-23 02:02:40
203.187.194.226,1,2026-09-17 01:06:37,2026-09-17 01:06:37
203.189.116.101,1,2026-09-23 01:11:26,2026-09-23 01:11:26
203.192.212.90,1,2026-09-22 13:18:40,2026-09-22 13:18:40
203.212.243.197,1,2026-09-23 02:15:35,2026-09-23 02:15:35
203.6.210.185,1,2026-09-22 10:57:56,2026-09-22 10:57:56
203.76.188.250,1,2026-09-23 22:23:34,2026-09-23 22:23:34
203.88.96.252,1,2026-09-22 17:28:18,2026-09-22 17:28:18
204.111.44.198,1,2026-09-24 22:59:07,2026-09-24 22:59:07
204.154.201.43,1,2026-09-23 02:14:32,2026-09-23 02:14:32
204.157.172.205,1,2026-09-23 01:59:37,2026-09-23 01:59:37
204.157.177.120,1,2026-09-23 01:12:29,2026-09-23 01:12:29
204.199.82.27,1,2026-09-17 01:06:32,2026-09-17 01:06:32
205.147.22.20,1,2026-09-23 02:15:06,2026-09-23 02:15:06
205.164.156.181,1,2026-09-23 01:59:30,2026-09-23 01:59:30
205.164.216.33,1,2026-09-24 22:59:13,2026-09-24 22:59:13
206.0.10.32,1,2026-09-24 14:53:31,2026-09-24 14:53:31
206.0.10.49,1,2026-09-23 19:21:04,2026-09-23 19:21:04
206.0.127.125,1,2026-09-23 00:27:02,2026-09-23 00:27:02
206.1.202.211,1,2026-09-23 01:10:23,2026-09-23 01:10:23
206.1.91.54,1,2026-09-23 02:02:40,2026-09-23 02:02:40
206.135.45.18,1,2026-09-24 16:16:51,2026-09-24 16:16:51
206.135.49.233,1,2026-09-22 10:57:55,2026-09-22 10:57:55
206.42.67.17,1,2026-09-17 01:06:19,2026-09-17 01:06:19
206.43.46.244,1,2026-09-22 22:56:02,2026-09-22 22:56:02
206.45.39.148,1,2026-09-23 00:54:48,2026-09-23 00:54:48
206.84.37.69,1,2026-09-23 21:20:31,2026-09-23 21:20:31
207.144.50.143,1,2026-09-23 01:45:14,2026-09-23 01:45:14
207.248.0.198,1,2026-09-23 21:20:31,2026-09-23 21:20:31
208.100.207.168,1,2026-09-22 23:48:35,2026-09-22 23:48:35
208.81.141.2,1,2026-09-23 22:23:34,2026-09-23 22:23:34
208.96.134.100,1,2026-09-22 10:57:54,2026-09-22 10:57:54
209.14.112.109,1,2026-09-23 21:45:50,2026-09-23 21:45:50
209.14.118.244,1,2026-09-21 21:44:42,2026-09-21 21:44:42
209.178.136.62,1,2026-09-21 21:44:42,2026-09-21 21:44:42
209.203.45.78,1,2026-09-22 23:48:35,2026-09-22 23:48:35
209.204.206.219,1,2026-09-17 01:06:31,2026-09-17 01:06:31
209.45.107.24,1,2026-09-23 22:50:19,2026-09-23 22:50:19
209.61.12.75,1,2026-09-23 01:59:30,2026-09-23 01:59:30
209.61.122.216,1,2026-09-21 21:44:42,2026-09-21 21:44:42
210.14.96.225,1,2026-09-22 17:28:20,2026-09-22 17:28:20
210.186.229.10,1,2026-09-23 01:28:33,2026-09-23 01:28:33
210.56.144.224,1,2026-09-21 22:25:45,2026-09-21 22:25:45
210.89.62.87,1,2026-09-23 00:53:46,2026-09-23 00:53:46
212.102.63.86,1,2026-09-23 00:54:48,2026-09-23 00:54:48
212.164.178.139,1,2026-09-23 01:59:29,2026-09-23 01:59:29
212.225.225.126,1,2026-09-23 00:55:48,2026-09-23 00:55:48
212.237.122.226,1,2026-09-22 19:33:51,2026-09-22 19:33:51
212.237.123.238,1,2026-09-23 22:50:19,2026-09-23 22:50:19
212.3.150.152,1,2026-09-22 23:58:15,2026-09-22 23:58:15
212.30.41.57,1,2026-09-24 01:24:59,2026-09-24 01:24:59
212.34.14.102,1,2026-09-23 01:59:30,2026-09-23 01:59:30
212.35.176.95,1,2026-09-23 01:12:29,2026-09-23 01:12:29
212.47.131.92,1,2026-09-23 00:54:48,2026-09-23 00:54:48
212.47.134.135,1,2026-09-22 19:33:51,2026-09-22 19:33:51
212.47.140.217,1,2026-09-23 01:11:26,2026-09-23 01:11:26
212.47.145.232,1,2026-09-22 19:33:51,2026-09-22 19:33:51
212.47.146.14,1,2026-09-24 00:08:43,2026-09-24 00:08:43
212.47.146.187,1,2026-09-22 13:56:45,2026-09-22 13:56:45
212.58.102.249,1,2026-09-23 22:23:34,2026-09-23 22:23:34
212.58.114.151,1,2026-09-23 20:21:05,2026-09-23 20:21:05
212.58.114.198,1,2026-09-23 02:16:42,2026-09-23 02:16:42
212.58.121.205,1,2026-09-22 17:28:18,2026-09-22 17:28:18
212.70.102.74,1,2026-09-24 13:07:20,2026-09-24 13:07:20
212.70.109.172,1,2026-09-22 23:48:37,2026-09-22 23:48:37
212.70.110.171,1,2026-09-23 01:27:39,2026-09-23 01:27:39
212.70.99.9,1,2026-09-23 01:58:21,2026-09-23 01:58:21
212.90.62.37,1,2026-09-23 00:54:47,2026-09-23 00:54:47
212.95.138.176,1,2026-09-23 02:16:42,2026-09-23 02:16:42
212.95.138.49,1,2026-09-21 21:44:42,2026-09-21 21:44:42
213.111.65.254,1,2026-09-22 22:56:02,2026-09-22 22:56:02
213.157.191.129,1,2026-09-21 22:25:42,2026-09-21 22:25:42
213.172.149.92,1,2026-09-23 02:14:34,2026-09-23 02:14:34
213.174.9.137,1,2026-09-23 00:54:48,2026-09-23 00:54:48
213.177.205.117,1,2026-09-23 01:12:28,2026-09-23 01:12:28
213.196.96.249,1,2026-09-23 01:55:04,2026-09-23 01:55:04
213.204.109.36,1,2026-09-23 21:46:03,2026-09-23 21:46:03
213.22.162.59,1,2026-09-17 01:06:36,2026-09-17 01:06:36
213.230.100.20,1,2026-09-23 00:55:48,2026-09-23 00:55:48
213.230.101.130,1,2026-09-23 00:54:48,2026-09-23 00:54:48
213.230.78.115,1,2026-09-23 01:11:27,2026-09-23 01:11:27
213.230.78.143,1,2026-09-23 01:27:34,2026-09-23 01:27:34
213.230.78.246,1,2026-09-22 21:31:42,2026-09-22 21:31:42
213.230.86.3,1,2026-09-23 01:55:03,2026-09-23 01:55:03
213.230.86.45,1,2026-09-24 16:17:02,2026-09-24 16:17:02
213.230.87.41,1,2026-09-24 00:08:44,2026-09-24 00:08:44
213.230.92.53,1,2026-09-24 16:16:50,2026-09-24 16:16:50
213.230.92.95,1,2026-09-24 22:59:07,2026-09-24 22:59:07
213.230.93.87,1,2026-09-23 22:50:19,2026-09-23 22:50:19
213.230.93.92,1,2026-09-23 00:53:46,2026-09-23 00:53:46
213.232.237.252,1,2026-09-22 18:22:22,2026-09-22 18:22:22
213.244.95.175,1,2026-09-23 00:53:46,2026-09-23 00:53:46
213.5.195.28,1,2026-09-23 00:36:58,2026-09-23 00:36:58
213.6.230.231,1,2026-09-23 22:23:33,2026-09-23 22:23:33
213.94.45.8,1,2026-09-22 19:33:51,2026-09-22 19:33:51
216.234.211.148,1,2026-09-21 21:44:42,2026-09-21 21:44:42
216.234.211.35,1,2026-09-23 01:55:04,2026-09-23 01:55:04
216.243.116.110,1,2026-09-24 14:25:15,2026-09-24 14:25:15
216.247.47.51,1,2026-09-23 18:12:01,2026-09-23 18:12:01
216.247.95.211,1,2026-09-23 02:14:32,2026-09-23 02:14:32
216.48.98.156,1,2026-09-23 22:50:30,2026-09-23 22:50:30
216.48.99.139,1,2026-09-24 16:16:51,2026-09-24 16:16:51
216.98.211.86,1,2026-09-23 02:16:04,2026-09-23 02:16:04
216.98.211.96,1,2026-09-23 01:11:26,2026-09-23 01:11:26
216.98.214.203,1,2026-09-21 20:49:16,2026-09-21 20:49:16
216.98.223.87,1,2026-09-23 20:21:03,2026-09-23 20:21:03
217.107.126.70,1,2026-09-23 01:10:23,2026-09-23 01:10:23
217.113.4.131,1,2026-09-22 21:31:38,2026-09-22 21:31:38
217.145.228.108,1,2026-09-23 02:16:39,2026-09-23 02:16:39
217.150.82.132,1,2026-09-21 21:28:51,2026-09-21 21:28:51
217.164.170.46,1,2026-09-23 00:53:46,2026-09-23 00:53:46
217.165.230.224,1,2026-09-23 01:53:56,2026-09-23 01:53:56
217.19.215.38,1,2026-09-23 22:50:19,2026-09-23 22:50:19
217.196.163.164,1,2026-09-24 22:59:07,2026-09-24 22:59:07
217.196.164.221,1,2026-09-24 23:56:13,2026-09-24 23:56:13
217.196.165.195,1,2026-09-21 21:44:42,2026-09-21 21:44:42
217.199.144.100,1,2026-09-22 23:16:21,2026-09-22 23:16:21
217.199.144.61,1,2026-09-23 01:10:24,2026-09-23 01:10:24
217.199.144.94,1,2026-09-22 23:16:20,2026-09-22 23:16:20
217.199.148.228,1,2026-09-24 17:57:46,2026-09-24 17:57:46
217.199.148.244,1,2026-09-24 00:08:53,2026-09-24 00:08:53
217.199.148.248,1,2026-09-24 13:07:22,2026-09-24 13:07:22
217.61.226.136,1,2026-09-23 00:36:58,2026-09-23 00:36:58
217.64.103.199,1,2026-09-23 02:02:42,2026-09-23 02:02:42
217.64.109.104,1,2026-09-23 18:12:03,2026-09-23 18:12:03
217.64.110.225,1,2026-09-23 02:14:33,2026-09-23 02:14:33
217.64.97.57,1,2026-09-21 21:28:52,2026-09-21 21:28:52
219.95.152.157,1,2026-09-24 23:56:13,2026-09-24 23:56:13
223.101.245.72,1,2026-09-24 16:16:50,2026-09-24 16:16:50
223.123.47.117,1,2026-09-24 16:16:50,2026-09-24 16:16:50
223.123.72.249,1,2026-09-19 11:37:53,2026-09-19 11:37:53
223.178.208.40,1,2026-09-23 01:28:33,2026-09-23 01:28:33
223.178.211.81,1,2026-09-23 21:20:31,2026-09-23 21:20:31
223.178.212.14,1,2026-09-17 01:06:37,2026-09-17 01:06:37
223.178.87.237,1,2026-09-17 01:06:31,2026-09-17 01:06:31
223.181.10.139,1,2026-09-22 23:16:20,2026-09-22 23:16:20
223.181.103.108,1,2026-09-22 23:16:21,2026-09-22 23:16:21
223.181.17.160,1,2026-09-22 10:57:54,2026-09-22 10:57:54
223.181.22.91,1,2026-09-23 01:09:22,2026-09-23 01:09:22
223.181.23.246,1,2026-09-24 14:25:25,2026-09-24 14:25:25
223.181.68.133,1,2026-09-23 01:45:13,2026-09-23 01:45:13
223.181.75.7,1,2026-09-23 22:50:20,2026-09-23 22:50:20
223.181.85.14,1,2026-09-21 21:44:42,2026-09-21 21:44:42
223.181.99.206,1,2026-09-17 01:06:36,2026-09-17 01:06:36
223.181.99.56,1,2026-09-22 13:56:46,2026-09-22 13:56:46
223.184.163.210,1,2026-09-23 00:27:02,2026-09-23 00:27:02
223.184.163.33,1,2026-09-23 22:23:34,2026-09-23 22:23:34
223.184.212.28,1,2026-09-23 21:45:50,2026-09-23 21:45:50
223.184.229.111,1,2026-09-24 22:59:09,2026-09-24 22:59:09
223.184.230.84,1,2026-09-23 22:23:34,2026-09-23 22:23:34
223.185.130.203,1,2026-09-22 17:28:18,2026-09-22 17:28:18
223.185.132.217,1,2026-09-22 23:16:21,2026-09-22 23:16:21
223.185.15.95,1,2026-09-23 01:11:26,2026-09-23 01:11:26
223.185.21.202,1,2026-09-23 22:23:34,2026-09-23 22:23:34
223.185.24.147,1,2026-09-24 23:56:14,2026-09-24 23:56:14
223.185.31.235,1,2026-09-21 21:28:51,2026-09-21 21:28:51
223.185.39.88,1,2026-09-22 23:48:35,2026-09-22 23:48:35
223.185.54.135,1,2026-09-23 21:45:49,2026-09-23 21:45:49
223.185.54.144,1,2026-09-23 01:10:23,2026-09-23 01:10:23
223.185.57.109,1,2026-09-22 23:48:36,2026-09-22 23:48:36
223.185.57.148,1,2026-09-22 23:16:20,2026-09-22 23:16:20
223.185.58.139,1,2026-09-24 22:59:08,2026-09-24 22:59:08
223.187.127.168,1,2026-09-21 21:28:50,2026-09-21 21:28:50
223.188.108.186,1,2026-09-21 21:44:42,2026-09-21 21:44:42
223.188.60.79,1,2026-09-22 17:28:21,2026-09-22 17:28:21
223.190.83.63,1,2026-09-23 01:12:28,2026-09-23 01:12:28
223.196.193.28,1,2026-09-24 23:56:16,2026-09-24 23:56:16
223.205.217.41,1,2026-09-22 18:22:22,2026-09-22 18:22:22
223.205.246.77,1,2026-09-23 18:12:00,2026-09-23 18:12:00
223.206.247.22,1,2026-09-24 14:53:31,2026-09-24 14:53:31
223.228.185.69,1,2026-09-22 23:48:44,2026-09-22 23:48:44
223.233.65.215,1,2026-09-24 22:59:07,2026-09-24 22:59:07
223.233.84.242,1,2026-09-23 01:58:21,2026-09-23 01:58:21
223.235.97.223,1,2026-09-24 13:07:21,2026-09-24 13:07:21
223.236.168.142,1,2026-09-23 22:50:20,2026-09-23 22:50:20
223.238.195.104,1,2026-09-21 21:28:51,2026-09-21 21:28:51
223.26.20.84,1,2026-09-23 01:28:33,2026-09-23 01:28:33
223.73.126.227,1,2026-09-24 16:16:50,2026-09-24 16:16:50
223.73.237.20,1,2026-09-21 22:25:42,2026-09-21 22:25:42
223.74.185.192,1,2026-09-22 18:22:22,2026-09-22 18:22:22
23.123.166.218,1,2026-09-23 02:15:35,2026-09-23 02:15:35
24.152.115.160,1,2026-09-23 00:36:58,2026-09-23 00:36:58
24.152.18.122,1,2026-09-22 22:56:02,2026-09-22 22:56:02
24.152.81.12,1,2026-09-23 21:20:31,2026-09-23 21:20:31
24.186.151.27,1,2026-09-23 22:50:23,2026-09-23 22:50:23
24.232.64.117,1,2026-09-21 20:49:17,2026-09-21 20:49:17
24.41.132.150,1,2026-09-22 13:56:46,2026-09-22 13:56:46
24.57.103.56,1,2026-09-23 00:36:58,2026-09-23 00:36:58
24.57.251.148,1,2026-09-23 02:16:39,2026-09-23 02:16:39
24.67.96.215,1,2026-09-22 10:57:54,2026-09-22 10:57:54
24.72.132.142,1,2026-09-21 22:25:42,2026-09-21 22:25:42
27.100.13.1,1,2026-09-24 13:07:20,2026-09-24 13:07:20
27.100.14.228,1,2026-09-24 22:59:15,2026-09-24 22:59:15
27.100.15.82,1,2026-09-21 20:49:18,2026-09-21 20:49:18
27.116.18.100,1,2026-09-23 21:20:31,2026-09-23 21:20:31
27.125.242.102,1,2026-09-21 21:28:59,2026-09-21 21:28:59
27.125.242.91,1,2026-09-24 14:25:15,2026-09-24 14:25:15
27.125.245.237,1,2026-09-22 23:58:16,2026-09-22 23:58:16
27.130.166.25,1,2026-09-23 21:20:31,2026-09-23 21:20:31
27.130.168.199,1,2026-09-23 02:14:32,2026-09-23 02:14:32
27.130.193.79,1,2026-09-24 16:16:50,2026-09-24 16:16:50
27.130.204.54,1,2026-09-22 21:31:38,2026-09-22 21:31:38
27.130.207.10,1,2026-09-22 19:33:51,2026-09-22 19:33:51
27.130.212.51,1,2026-09-23 00:55:48,2026-09-23 00:55:48
27.130.36.217,1,2026-09-24 14:25:15,2026-09-24 14:25:15
27.130.69.58,1,2026-09-23 02:14:32,2026-09-23 02:14:32
27.255.221.249,1,2026-09-22 17:28:18,2026-09-22 17:28:18
27.34.111.132,1,2026-09-23 01:27:32,2026-09-23 01:27:32
27.34.111.156,1,2026-09-24 01:24:59,2026-09-24 01:24:59
27.34.69.56,1,2026-09-21 20:49:16,2026-09-21 20:49:16
27.34.70.187,1,2026-09-21 21:44:42,2026-09-21 21:44:42
27.4.193.128,1,2026-09-23 22:50:20,2026-09-23 22:50:20
27.4.194.173,1,2026-09-23 02:02:40,2026-09-23 02:02:40
27.4.73.255,1,2026-09-23 21:45:51,2026-09-23 21:45:51
27.58.141.71,1,2026-09-22 23:16:20,2026-09-22 23:16:20
27.72.116.192,1,2026-09-23 00:53:57,2026-09-23 00:53:57
27.96.94.28,1,2026-09-23 01:53:56,2026-09-23 01:53:56
27.96.94.83,1,2026-09-24 00:08:47,2026-09-24 00:08:47
31.128.166.190,1,2026-09-23 02:14:32,2026-09-23 02:14:32
31.128.190.144,1,2026-09-23 02:02:41,2026-09-23 02:02:41
31.129.232.94,1,2026-09-22 13:56:45,2026-09-22 13:56:45
31.129.79.113,1,2026-09-23 01:09:25,2026-09-23 01:09:25
31.129.79.183,1,2026-09-23 00:36:59,2026-09-23 00:36:59
31.134.118.1,1,2026-09-23 22:23:34,2026-09-23 22:23:34
31.134.118.11,1,2026-09-24 14:25:15,2026-09-24 14:25:15
31.134.118.28,1,2026-09-23 01:45:13,2026-09-23 01:45:13
31.135.148.145,1,2026-09-23 18:12:00,2026-09-23 18:12:00
31.135.151.164,1,2026-09-24 23:56:13,2026-09-24 23:56:13
31.14.90.47,1,2026-09-23 02:16:39,2026-09-23 02:16:39
31.141.35.160,1,2026-09-19 22:48:34,2026-09-19 22:48:34
31.146.70.235,1,2026-09-23 01:11:26,2026-09-23 01:11:26
31.152.144.212,1,2026-09-22 23:16:20,2026-09-22 23:16:20
31.154.66.110,1,2026-09-23 02:02:40,2026-09-23 02:02:40
31.163.100.233,1,2026-09-21 21:44:42,2026-09-21 21:44:42
31.166.111.240,1,2026-09-22 19:33:51,2026-09-22 19:33:51
31.215.247.218,1,2026-09-23 01:12:28,2026-09-23 01:12:28
31.223.132.50,1,2026-09-23 20:21:02,2026-09-23 20:21:02
31.27.151.167,1,2026-09-22 22:56:03,2026-09-22 22:56:03
31.32.186.64,1,2026-09-23 21:45:50,2026-09-23 21:45:50
31.33.230.28,1,2026-09-24 14:53:31,2026-09-24 14:53:31
31.40.142.43,1,2026-09-23 01:55:04,2026-09-23 01:55:04
31.42.54.221,1,2026-09-22 13:56:47,2026-09-22 13:56:47
31.42.99.31,1,2026-09-24 22:59:10,2026-09-24 22:59:10
35.145.252.220,1,2026-09-23 01:28:33,2026-09-23 01:28:33
35.148.145.168,1,2026-09-24 13:07:20,2026-09-24 13:07:20
36.255.18.197,1,2026-09-23 20:21:01,2026-09-23 20:21:01
36.255.41.40,1,2026-09-17 01:06:20,2026-09-17 01:06:20
36.37.169.174,1,2026-09-23 19:21:04,2026-09-23 19:21:04
36.50.179.217,1,2026-09-24 17:57:45,2026-09-24 17:57:45
36.79.178.150,1,2026-09-23 00:27:02,2026-09-23 00:27:02
37.10.108.190,1,2026-09-23 01:58:21,2026-09-23 01:58:21
37.111.41.126,1,2026-09-17 01:06:20,2026-09-17 01:06:20
37.111.43.113,1,2026-09-22 13:56:45,2026-09-22 13:56:45
37.111.56.201,1,2026-09-24 23:56:13,2026-09-24 23:56:13
37.111.56.35,1,2026-09-23 19:21:04,2026-09-23 19:21:04
37.114.144.91,1,2026-09-24 14:25:16,2026-09-24 14:25:16
37.114.145.174,1,2026-09-23 01:59:30,2026-09-23 01:59:30
37.114.149.192,1,2026-09-21 21:44:42,2026-09-21 21:44:42
37.114.150.75,1,2026-09-23 01:58:21,2026-09-23 01:58:21
37.114.151.143,1,2026-09-23 01:09:22,2026-09-23 01:09:22
37.114.184.88,1,2026-09-23 01:11:26,2026-09-23 01:11:26
37.121.37.180,1,2026-09-23 01:09:22,2026-09-23 01:09:22
37.122.153.203,1,2026-09-23 21:45:50,2026-09-23 21:45:50
37.122.153.74,1,2026-09-24 22:59:07,2026-09-24 22:59:07
37.132.27.77,1,2026-09-23 19:21:04,2026-09-23 19:21:04
37.139.173.199,1,2026-09-23 00:54:48,2026-09-23 00:54:48
37.139.72.187,1,2026-09-23 22:50:21,2026-09-23 22:50:21
37.14.141.209,1,2026-09-23 02:02:40,2026-09-23 02:02:40
37.142.149.141,1,2026-09-23 02:02:40,2026-09-23 02:02:40
37.142.153.44,1,2026-09-23 18:12:00,2026-09-23 18:12:00
37.142.177.194,1,2026-09-23 21:20:31,2026-09-23 21:20:31
37.15.31.0,1,2026-09-22 21:31:38,2026-09-22 21:31:38
37.15.92.90,1,2026-09-21 21:28:50,2026-09-21 21:28:50
37.186.50.33,1,2026-09-19 11:37:53,2026-09-19 11:37:53
37.186.51.220,1,2026-09-22 22:56:02,2026-09-22 22:56:02
37.202.73.211,1,2026-09-23 02:02:40,2026-09-23 02:02:40
37.203.16.17,1,2026-09-23 18:12:02,2026-09-23 18:12:02
37.205.114.164,1,2026-09-23 21:45:50,2026-09-23 21:45:50
37.205.115.55,1,2026-09-23 22:23:34,2026-09-23 22:23:34
37.205.116.226,1,2026-09-23 22:23:33,2026-09-23 22:23:33
37.205.117.109,1,2026-09-22 13:56:45,2026-09-22 13:56:45
37.210.127.56,1,2026-09-23 01:12:28,2026-09-23 01:12:28
37.210.214.223,1,2026-09-23 01:58:21,2026-09-23 01:58:21
37.211.5.6,1,2026-09-23 22:23:34,2026-09-23 22:23:34
37.212.51.162,1,2026-09-23 00:54:48,2026-09-23 00:54:48
37.212.84.180,1,2026-09-22 23:48:35,2026-09-22 23:48:35
37.214.19.96,1,2026-09-23 22:50:20,2026-09-23 22:50:20
37.214.30.203,1,2026-09-23 01:53:56,2026-09-23 01:53:56
37.215.38.168,1,2026-09-23 01:45:13,2026-09-23 01:45:13
37.215.88.182,1,2026-09-23 21:45:50,2026-09-23 21:45:50
37.228.204.190,1,2026-09-22 22:56:02,2026-09-22 22:56:02
37.228.210.162,1,2026-09-23 18:12:00,2026-09-23 18:12:00
37.228.254.225,1,2026-09-21 20:49:18,2026-09-21 20:49:18
37.228.255.47,1,2026-09-25 01:22:45,2026-09-25 01:22:45
37.230.247.199,1,2026-09-23 01:58:21,2026-09-23 01:58:21
37.233.10.130,1,2026-09-23 00:36:58,2026-09-23 00:36:58
37.236.2.223,1,2026-09-23 02:14:33,2026-09-23 02:14:33
37.236.201.147,1,2026-09-23 22:50:20,2026-09-23 22:50:20
37.236.201.7,1,2026-09-22 17:28:18,2026-09-22 17:28:18
37.236.231.34,1,2026-09-23 02:15:06,2026-09-23 02:15:06
37.237.136.31,1,2026-09-23 01:55:03,2026-09-23 01:55:03
37.237.136.50,1,2026-09-23 21:45:50,2026-09-23 21:45:50
37.237.174.220,1,2026-09-21 21:29:32,2026-09-21 21:29:32
37.237.210.122,1,2026-09-23 01:59:30,2026-09-23 01:59:30
37.237.222.189,1,2026-09-21 21:28:51,2026-09-21 21:28:51
37.238.208.7,1,2026-09-23 01:10:03,2026-09-23 01:10:03
37.238.210.71,1,2026-09-23 21:45:55,2026-09-23 21:45:55
37.238.228.9,1,2026-09-22 23:16:20,2026-09-22 23:16:20
37.238.30.12,1,2026-09-23 00:53:46,2026-09-23 00:53:46
37.238.41.200,1,2026-09-22 19:33:51,2026-09-22 19:33:51
37.238.55.21,1,2026-09-22 23:48:35,2026-09-22 23:48:35
37.238.55.23,1,2026-09-23 01:27:32,2026-09-23 01:27:32
37.238.55.62,1,2026-09-24 01:25:01,2026-09-24 01:25:01
37.238.68.8,1,2026-09-21 23:13:01,2026-09-21 23:13:01
37.238.95.141,1,2026-09-23 00:27:02,2026-09-23 00:27:02
37.238.96.26,1,2026-09-22 17:28:27,2026-09-22 17:28:27
37.239.171.45,1,2026-09-23 01:53:56,2026-09-23 01:53:56
37.239.173.133,1,2026-09-23 01:11:29,2026-09-23 01:11:29
37.239.213.194,1,2026-09-23 01:58:21,2026-09-23 01:58:21
37.239.225.21,1,2026-09-22 13:18:43,2026-09-22 13:18:43
37.26.61.222,1,2026-09-24 13:07:20,2026-09-24 13:07:20
37.28.50.73,1,2026-09-24 22:59:07,2026-09-24 22:59:07
37.28.64.66,1,2026-09-23 02:02:40,2026-09-23 02:02:40
37.28.65.63,1,2026-09-22 23:58:15,2026-09-22 23:58:15
37.34.205.233,1,2026-09-23 21:20:32,2026-09-23 21:20:32
37.35.178.181,1,2026-09-23 02:15:36,2026-09-23 02:15:36
37.41.35.225,1,2026-09-23 01:27:32,2026-09-23 01:27:32
37.45.236.7,1,2026-09-23 01:28:33,2026-09-23 01:28:33
37.52.216.125,1,2026-09-22 10:57:54,2026-09-22 10:57:54
37.52.3.32,1,2026-09-23 01:55:03,2026-09-23 01:55:03
37.52.30.235,1,2026-09-24 23:56:13,2026-09-24 23:56:13
37.52.80.42,1,2026-09-23 01:09:22,2026-09-23 01:09:22
37.53.20.246,1,2026-09-21 21:28:51,2026-09-21 21:28:51
37.54.213.102,1,2026-09-23 01:10:24,2026-09-23 01:10:24
37.55.154.83,1,2026-09-22 18:22:22,2026-09-22 18:22:22
37.57.171.179,1,2026-09-24 00:08:43,2026-09-24 00:08:43
37.61.112.214,1,2026-09-23 02:02:40,2026-09-23 02:02:40
37.61.115.169,1,2026-09-23 01:45:13,2026-09-23 01:45:13
37.61.117.50,1,2026-09-23 21:45:49,2026-09-23 21:45:49
37.61.124.203,1,2026-09-23 01:45:13,2026-09-23 01:45:13
37.65.160.115,1,2026-09-25 01:22:36,2026-09-25 01:22:36
37.65.214.206,1,2026-09-22 13:56:45,2026-09-22 13:56:45
37.66.234.219,1,2026-09-25 01:22:36,2026-09-25 01:22:36
37.67.100.250,1,2026-09-23 01:35:57,2026-09-23 01:35:57
37.67.110.236,1,2026-09-23 01:28:33,2026-09-23 01:28:33
37.67.193.240,1,2026-09-23 01:59:30,2026-09-23 01:59:30
37.77.49.151,1,2026-09-23 01:12:29,2026-09-23 01:12:29
37.77.55.171,1,2026-09-23 02:02:40,2026-09-23 02:02:40
37.79.29.161,1,2026-09-23 22:23:36,2026-09-23 22:23:36
37.8.87.113,1,2026-09-23 00:53:46,2026-09-23 00:53:46
37.99.64.128,1,2026-09-24 22:59:07,2026-09-24 22:59:07
38.10.251.25,1,2026-09-22 19:33:51,2026-09-22 19:33:51
38.10.255.207,1,2026-09-23 01:27:33,2026-09-23 01:27:33
38.101.88.162,1,2026-09-23 01:12:29,2026-09-23 01:12:29
38.121.219.85,1,2026-09-24 01:24:58,2026-09-24 01:24:58
38.121.223.21,1,2026-09-23 02:02:40,2026-09-23 02:02:40
38.124.168.147,1,2026-09-23 01:35:57,2026-09-23 01:35:57
38.137.20.158,1,2026-09-22 19:33:52,2026-09-22 19:33:52
38.137.206.133,1,2026-09-23 00:54:48,2026-09-23 00:54:48
38.137.249.72,1,2026-09-23 01:59:30,2026-09-23 01:59:30
38.137.31.81,1,2026-09-24 14:25:21,2026-09-24 14:25:21
38.137.43.231,1,2026-09-17 01:06:37,2026-09-17 01:06:37
38.137.43.26,1,2026-09-23 01:09:22,2026-09-23 01:09:22
38.137.47.219,1,2026-09-24 23:56:13,2026-09-24 23:56:13
38.137.59.51,1,2026-09-22 23:58:15,2026-09-22 23:58:15
38.150.92.209,1,2026-09-23 01:35:59,2026-09-23 01:35:59
38.156.230.13,1,2026-09-23 02:15:35,2026-09-23 02:15:35
38.159.226.195,1,2026-09-23 22:23:34,2026-09-23 22:23:34
38.159.57.140,1,2026-09-23 01:55:04,2026-09-23 01:55:04
38.166.1.124,1,2026-09-23 01:59:30,2026-09-23 01:59:30
38.166.109.79,1,2026-09-23 01:58:21,2026-09-23 01:58:21
38.166.12.246,1,2026-09-21 21:28:50,2026-09-21 21:28:50
38.166.16.97,1,2026-09-23 02:15:35,2026-09-23 02:15:35
38.166.26.177,1,2026-09-23 22:50:19,2026-09-23 22:50:19
38.166.61.77,1,2026-09-22 18:22:22,2026-09-22 18:22:22
38.166.67.85,1,2026-09-23 01:35:57,2026-09-23 01:35:57
38.166.82.171,1,2026-09-23 00:53:47,2026-09-23 00:53:47
38.17.170.116,1,2026-09-23 01:28:33,2026-09-23 01:28:33
38.17.195.22,1,2026-09-23 01:09:22,2026-09-23 01:09:22
38.171.142.182,1,2026-09-23 00:54:48,2026-09-23 00:54:48
38.171.143.81,1,2026-09-23 01:09:22,2026-09-23 01:09:22
38.171.220.46,1,2026-09-23 01:58:21,2026-09-23 01:58:21
38.172.162.118,1,2026-09-24 23:56:13,2026-09-24 23:56:13
38.172.162.25,1,2026-09-23 01:53:56,2026-09-23 01:53:56
38.172.183.9,1,2026-09-23 01:09:24,2026-09-23 01:09:24
38.172.204.252,1,2026-09-23 21:20:34,2026-09-23 21:20:34
38.172.58.102,1,2026-09-23 22:23:37,2026-09-23 22:23:37
38.183.114.122,1,2026-09-23 01:45:13,2026-09-23 01:45:13
38.183.115.101,1,2026-09-24 01:24:59,2026-09-24 01:24:59
38.183.115.127,1,2026-09-23 01:11:26,2026-09-23 01:11:26
38.183.15.158,1,2026-09-23 21:45:50,2026-09-23 21:45:50
38.183.15.71,1,2026-09-23 01:11:31,2026-09-23 01:11:31
38.183.60.67,1,2026-09-19 22:43:18,2026-09-19 22:43:18
38.190.27.195,1,2026-09-24 13:07:20,2026-09-24 13:07:20
38.199.205.160,1,2026-09-23 21:20:31,2026-09-23 21:20:31
38.199.67.116,1,2026-09-22 22:56:02,2026-09-22 22:56:02
38.199.99.92,1,2026-09-23 20:21:01,2026-09-23 20:21:01
38.210.185.179,1,2026-09-23 02:02:40,2026-09-23 02:02:40
38.210.185.59,1,2026-09-22 19:33:51,2026-09-22 19:33:51
38.210.3.235,1,2026-09-22 23:48:35,2026-09-22 23:48:35
38.211.118.82,1,2026-09-23 20:21:01,2026-09-23 20:21:01
38.224.172.130,1,2026-09-23 21:45:52,2026-09-23 21:45:52
38.224.232.22,1,2026-09-22 13:18:39,2026-09-22 13:18:39
38.224.86.180,1,2026-09-22 13:56:45,2026-09-22 13:56:45
38.225.214.1,1,2026-09-22 19:33:51,2026-09-22 19:33:51
38.225.225.206,1,2026-09-19 11:37:57,2026-09-19 11:37:57
38.225.65.106,1,2026-09-23 01:55:03,2026-09-23 01:55:03
38.236.162.57,1,2026-09-23 19:21:04,2026-09-23 19:21:04
38.246.79.193,1,2026-09-23 20:21:01,2026-09-23 20:21:01
38.248.131.250,1,2026-09-23 02:16:39,2026-09-23 02:16:39
38.248.133.53,1,2026-09-22 23:48:35,2026-09-22 23:48:35
38.248.161.130,1,2026-09-23 01:53:56,2026-09-23 01:53:56
38.25.53.104,1,2026-09-23 21:20:32,2026-09-23 21:20:32
38.25.84.114,1,2026-09-23 02:02:41,2026-09-23 02:02:41
38.250.65.176,1,2026-09-19 11:37:53,2026-09-19 11:37:53
38.250.67.80,1,2026-09-24 14:25:16,2026-09-24 14:25:16
38.252.185.156,1,2026-09-23 22:23:34,2026-09-23 22:23:34
38.252.46.95,1,2026-09-23 21:45:58,2026-09-23 21:45:58
38.253.158.208,1,2026-09-24 01:25:00,2026-09-24 01:25:00
38.254.16.28,1,2026-09-22 23:58:15,2026-09-22 23:58:15
38.254.16.61,1,2026-09-23 01:58:21,2026-09-23 01:58:21
38.254.176.216,1,2026-09-24 13:07:22,2026-09-24 13:07:22
38.254.176.58,1,2026-09-22 19:33:51,2026-09-22 19:33:51
38.27.37.15,1,2026-09-22 21:31:38,2026-09-22 21:31:38
38.3.228.19,1,2026-09-24 22:59:08,2026-09-24 22:59:08
38.3.229.146,1,2026-09-23 22:23:35,2026-09-23 22:23:35
38.4.48.0,1,2026-09-23 00:55:48,2026-09-23 00:55:48
38.41.193.64,1,2026-09-23 01:58:21,2026-09-23 01:58:21
38.41.34.254,1,2026-09-23 01:10:24,2026-09-23 01:10:24
38.43.231.55,1,2026-09-23 01:10:24,2026-09-23 01:10:24
38.43.251.242,1,2026-09-23 01:36:00,2026-09-23 01:36:00
38.44.17.138,1,2026-09-23 19:21:04,2026-09-23 19:21:04
38.49.151.117,1,2026-09-23 21:45:50,2026-09-23 21:45:50
38.51.129.130,1,2026-09-22 22:56:02,2026-09-22 22:56:02
38.51.129.25,1,2026-09-17 01:06:37,2026-09-17 01:06:37
38.51.204.44,1,2026-09-24 23:56:13,2026-09-24 23:56:13
38.51.232.22,1,2026-09-19 11:37:53,2026-09-19 11:37:53
38.51.232.227,1,2026-09-23 00:55:48,2026-09-23 00:55:48
38.51.49.187,1,2026-09-23 01:59:31,2026-09-23 01:59:31
38.52.64.151,1,2026-09-23 01:58:21,2026-09-23 01:58:21
38.57.64.164,1,2026-09-23 01:59:34,2026-09-23 01:59:34
38.64.172.53,1,2026-09-23 01:55:03,2026-09-23 01:55:03
38.7.2.19,1,2026-09-21 21:28:51,2026-09-21 21:28:51
38.7.21.27,1,2026-09-24 22:59:08,2026-09-24 22:59:08
38.95.88.43,1,2026-09-23 01:12:28,2026-09-23 01:12:28
39.109.151.181,1,2026-09-23 21:45:49,2026-09-23 21:45:49
39.32.171.25,1,2026-09-23 01:12:28,2026-09-23 01:12:28
39.34.142.51,1,2026-09-17 01:06:20,2026-09-17 01:06:20
39.34.162.34,1,2026-09-23 22:50:19,2026-09-23 22:50:19
39.36.222.254,1,2026-09-24 23:56:13,2026-09-24 23:56:13
39.38.247.108,1,2026-09-21 21:44:43,2026-09-21 21:44:43
39.45.34.217,1,2026-09-24 17:57:45,2026-09-24 17:57:45
39.46.4.153,1,2026-09-24 13:07:21,2026-09-24 13:07:21
39.48.112.106,1,2026-09-23 00:27:02,2026-09-23 00:27:02
39.48.16.211,1,2026-09-23 01:53:56,2026-09-23 01:53:56
39.48.2.51,1,2026-09-23 21:45:49,2026-09-23 21:45:49
39.49.254.194,1,2026-09-22 23:16:20,2026-09-22 23:16:20
39.50.149.130,1,2026-09-23 19:21:04,2026-09-23 19:21:04
41.1.136.11,1,2026-09-23 01:12:28,2026-09-23 01:12:28
41.10.192.208,1,2026-09-22 13:56:45,2026-09-22 13:56:45
41.10.24.95,1,2026-09-24 14:53:32,2026-09-24 14:53:32
41.10.77.193,1,2026-09-23 21:45:56,2026-09-23 21:45:56
41.10.77.48,1,2026-09-21 21:28:51,2026-09-21 21:28:51
41.10.82.156,1,2026-09-23 02:14:32,2026-09-23 02:14:32
41.101.137.1,1,2026-09-23 02:15:36,2026-09-23 02:15:36
41.116.227.195,1,2026-09-19 22:48:31,2026-09-19 22:48:31
41.116.94.116,1,2026-09-23 02:16:43,2026-09-23 02:16:43
41.121.230.34,1,2026-09-23 01:45:13,2026-09-23 01:45:13
41.122.43.111,1,2026-09-23 02:14:32,2026-09-23 02:14:32
41.123.9.234,1,2026-09-23 02:02:48,2026-09-23 02:02:48
41.125.150.138,1,2026-09-23 01:27:40,2026-09-23 01:27:40
41.125.95.255,1,2026-09-23 02:14:32,2026-09-23 02:14:32
41.13.22.190,1,2026-09-23 01:11:28,2026-09-23 01:11:28
41.132.1.165,1,2026-09-23 00:54:57,2026-09-23 00:54:57
41.133.194.60,1,2026-09-23 01:55:03,2026-09-23 01:55:03
41.138.98.25,1,2026-09-24 01:24:59,2026-09-24 01:24:59
41.138.98.32,1,2026-09-23 00:27:02,2026-09-23 00:27:02
41.158.116.190,1,2026-09-23 21:20:33,2026-09-23 21:20:33
41.180.66.236,1,2026-09-23 21:45:51,2026-09-23 21:45:51
41.188.117.246,1,2026-09-23 01:09:22,2026-09-23 01:09:22
41.188.117.25,1,2026-09-21 21:28:52,2026-09-21 21:28:52
41.188.84.252,1,2026-09-24 23:56:21,2026-09-24 23:56:21
41.193.133.243,1,2026-09-23 00:54:48,2026-09-23 00:54:48
41.193.144.218,1,2026-09-23 01:12:29,2026-09-23 01:12:29
41.193.162.212,1,2026-09-23 00:36:59,2026-09-23 00:36:59
41.193.163.205,1,2026-09-22 23:48:35,2026-09-22 23:48:35
41.193.212.64,1,2026-09-23 02:14:32,2026-09-23 02:14:32
41.193.213.227,1,2026-09-24 13:07:21,2026-09-24 13:07:21
41.193.252.133,1,2026-09-23 01:10:25,2026-09-23 01:10:25
41.193.79.31,1,2026-09-22 19:33:51,2026-09-22 19:33:51
41.200.203.246,1,2026-09-17 01:06:21,2026-09-17 01:06:21
41.208.129.15,1,2026-09-23 00:27:02,2026-09-23 00:27:02
41.208.191.1,1,2026-09-24 23:56:16,2026-09-24 23:56:16
41.208.191.85,1,2026-09-23 00:54:48,2026-09-23 00:54:48
41.209.10.179,1,2026-09-23 01:53:56,2026-09-23 01:53:56
41.209.9.98,1,2026-09-19 11:37:53,2026-09-19 11:37:53
41.210.157.43,1,2026-09-23 02:14:34,2026-09-23 02:14:34
41.214.24.100,1,2026-09-23 01:12:30,2026-09-23 01:12:30
41.214.24.9,1,2026-09-23 00:53:47,2026-09-23 00:53:47
41.221.235.13,1,2026-09-23 01:53:58,2026-09-23 01:53:58
41.222.180.255,1,2026-09-23 01:12:34,2026-09-23 01:12:34
41.222.250.193,1,2026-09-17 01:06:31,2026-09-17 01:06:31
41.242.118.124,1,2026-09-23 01:45:13,2026-09-23 01:45:13
41.242.161.119,1,2026-09-23 01:53:58,2026-09-23 01:53:58
41.243.73.215,1,2026-09-23 01:54:09,2026-09-23 01:54:09
41.248.64.184,1,2026-09-24 17:57:45,2026-09-24 17:57:45
41.249.180.63,1,2026-09-22 13:56:46,2026-09-22 13:56:46
41.25.43.71,1,2026-09-24 23:56:14,2026-09-24 23:56:14
41.254.65.49,1,2026-09-23 01:11:28,2026-09-23 01:11:28
41.40.113.37,1,2026-09-21 21:44:49,2026-09-21 21:44:49
41.45.170.48,1,2026-09-23 01:27:33,2026-09-23 01:27:33
41.56.126.253,1,2026-09-21 21:44:42,2026-09-21 21:44:42
41.56.191.30,1,2026-09-23 01:28:33,2026-09-23 01:28:33
41.56.216.9,1,2026-09-22 22:56:03,2026-09-22 22:56:03
41.56.245.125,1,2026-09-23 00:54:48,2026-09-23 00:54:48
41.59.12.100,1,2026-09-23 02:02:42,2026-09-23 02:02:42
41.59.191.150,1,2026-09-24 01:25:08,2026-09-24 01:25:08
41.60.105.166,1,2026-09-23 01:27:32,2026-09-23 01:27:32
41.60.233.249,1,2026-09-23 22:23:35,2026-09-23 22:23:35
41.60.237.51,1,2026-09-22 10:57:55,2026-09-22 10:57:55
41.60.69.15,1,2026-09-21 21:28:50,2026-09-21 21:28:50
41.73.98.35,1,2026-09-22 17:28:18,2026-09-22 17:28:18
41.82.207.163,1,2026-09-23 01:55:07,2026-09-23 01:55:07
41.82.228.82,1,2026-09-23 01:55:09,2026-09-23 01:55:09
41.82.54.31,1,2026-09-23 01:59:34,2026-09-23 01:59:34
41.82.57.45,1,2026-09-23 20:21:01,2026-09-23 20:21:01
41.83.92.85,1,2026-09-23 00:36:58,2026-09-23 00:36:58
41.87.200.137,1,2026-09-23 01:27:32,2026-09-23 01:27:32
41.90.99.25,1,2026-09-23 01:53:56,2026-09-23 01:53:56
41.92.114.225,1,2026-09-23 02:16:42,2026-09-23 02:16:42
41.92.117.9,1,2026-09-23 19:21:04,2026-09-23 19:21:04
42.105.172.110,1,2026-09-23 01:11:30,2026-09-23 01:11:30
42.105.176.142,1,2026-09-21 21:44:44,2026-09-21 21:44:44
42.107.66.11,1,2026-09-23 01:27:37,2026-09-23 01:27:37
42.108.101.40,1,2026-09-22 23:16:21,2026-09-22 23:16:21
42.108.135.155,1,2026-09-24 23:56:14,2026-09-24 23:56:14
42.112.70.180,1,2026-09-23 01:59:24,2026-09-23 01:59:24
42.116.15.57,1,2026-09-22 23:16:20,2026-09-22 23:16:20
42.117.109.82,1,2026-09-23 00:55:43,2026-09-23 00:55:43
43.229.165.197,1,2026-09-22 18:22:22,2026-09-22 18:22:22
43.246.220.13,1,2026-09-23 00:54:48,2026-09-23 00:54:48
43.246.221.39,1,2026-09-24 14:53:31,2026-09-24 14:53:31
43.247.143.2,1,2026-09-23 22:23:34,2026-09-23 22:23:34
43.250.80.200,1,2026-09-23 01:09:24,2026-09-23 01:09:24
45.112.46.227,1,2026-09-24 23:56:16,2026-09-24 23:56:16
45.114.91.101,1,2026-09-23 01:27:32,2026-09-23 01:27:32
45.117.60.222,1,2026-09-22 19:33:51,2026-09-22 19:33:51
45.118.167.173,1,2026-09-23 21:45:50,2026-09-23 21:45:50
45.124.14.70,1,2026-09-22 23:48:36,2026-09-22 23:48:36
45.125.152.225,1,2026-09-23 01:27:32,2026-09-23 01:27:32
45.125.4.195,1,2026-09-23 01:59:30,2026-09-23 01:59:30
45.128.123.122,1,2026-09-22 23:48:35,2026-09-22 23:48:35
45.13.17.130,1,2026-09-17 01:06:37,2026-09-17 01:06:37
45.14.108.86,1,2026-09-23 00:53:46,2026-09-23 00:53:46
45.14.109.210,1,2026-09-23 22:50:19,2026-09-23 22:50:19
45.14.30.57,1,2026-09-22 13:56:46,2026-09-22 13:56:46
45.147.206.196,1,2026-09-22 18:22:23,2026-09-22 18:22:23
45.152.73.142,1,2026-09-23 01:35:58,2026-09-23 01:35:58
45.156.114.26,1,2026-09-23 01:58:21,2026-09-23 01:58:21
45.160.15.226,1,2026-09-23 02:14:32,2026-09-23 02:14:32
45.160.78.209,1,2026-09-23 01:09:22,2026-09-23 01:09:22
45.160.88.156,1,2026-09-19 11:37:53,2026-09-19 11:37:53
45.160.89.117,1,2026-09-22 21:31:38,2026-09-22 21:31:38
45.161.150.6,1,2026-09-23 01:59:31,2026-09-23 01:59:31
45.161.253.56,1,2026-09-21 21:44:43,2026-09-21 21:44:43
45.162.121.214,1,2026-09-22 22:56:03,2026-09-22 22:56:03
45.162.199.202,1,2026-09-24 13:07:22,2026-09-24 13:07:22
45.162.213.172,1,2026-09-23 01:09:22,2026-09-23 01:09:22
45.162.41.234,1,2026-09-23 21:20:31,2026-09-23 21:20:31
45.162.52.93,1,2026-09-23 00:37:01,2026-09-23 00:37:01
45.163.110.91,1,2026-09-23 01:12:30,2026-09-23 01:12:30
45.163.2.218,1,2026-09-22 18:22:22,2026-09-22 18:22:22
45.163.200.197,1,2026-09-24 00:08:44,2026-09-24 00:08:44
45.163.200.58,1,2026-09-22 21:31:39,2026-09-22 21:31:39
45.163.201.32,1,2026-09-21 20:49:18,2026-09-21 20:49:18
45.163.219.28,1,2026-09-23 01:36:14,2026-09-23 01:36:14
45.163.245.146,1,2026-09-23 02:15:35,2026-09-23 02:15:35
45.164.145.220,1,2026-09-23 00:36:58,2026-09-23 00:36:58
45.164.2.134,1,2026-09-22 21:31:39,2026-09-22 21:31:39
45.164.232.240,1,2026-09-23 00:27:02,2026-09-23 00:27:02
45.164.66.90,1,2026-09-23 00:27:02,2026-09-23 00:27:02
45.164.7.236,1,2026-09-23 02:02:40,2026-09-23 02:02:40
45.165.236.129,1,2026-09-19 22:48:31,2026-09-19 22:48:31
45.165.242.20,1,2026-09-24 13:07:20,2026-09-24 13:07:20
45.165.243.39,1,2026-09-19 22:48:32,2026-09-19 22:48:32
45.165.26.102,1,2026-09-24 01:24:59,2026-09-24 01:24:59
45.165.73.157,1,2026-09-22 18:22:22,2026-09-22 18:22:22
45.165.75.118,1,2026-09-24 17:57:47,2026-09-24 17:57:47
45.165.78.37,1,2026-09-23 00:55:49,2026-09-23 00:55:49
45.165.86.197,1,2026-09-23 00:36:58,2026-09-23 00:36:58
45.166.112.197,1,2026-09-22 22:56:02,2026-09-22 22:56:02
45.166.149.40,1,2026-09-25 01:22:36,2026-09-25 01:22:36
45.166.180.106,1,2026-09-23 01:27:32,2026-09-23 01:27:32
45.166.207.228,1,2026-09-23 01:58:21,2026-09-23 01:58:21
45.166.25.148,1,2026-09-22 19:33:51,2026-09-22 19:33:51
45.167.144.109,1,2026-09-21 21:44:45,2026-09-21 21:44:45
45.167.151.166,1,2026-09-24 14:25:16,2026-09-24 14:25:16
45.167.165.10,1,2026-09-24 16:16:52,2026-09-24 16:16:52
45.167.247.3,1,2026-09-23 02:15:35,2026-09-23 02:15:35
45.167.53.130,1,2026-09-23 01:53:56,2026-09-23 01:53:56
45.167.95.182,1,2026-09-23 00:54:49,2026-09-23 00:54:49
45.168.194.54,1,2026-09-24 14:25:16,2026-09-24 14:25:16
45.168.203.57,1,2026-09-23 19:21:05,2026-09-23 19:21:05
45.168.217.22,1,2026-09-24 14:25:16,2026-09-24 14:25:16
45.168.91.6,1,2026-09-22 13:56:44,2026-09-22 13:56:44
45.169.208.13,1,2026-09-23 19:21:04,2026-09-23 19:21:04
45.169.212.121,1,2026-09-23 21:20:37,2026-09-23 21:20:37
45.170.114.66,1,2026-09-23 00:55:49,2026-09-23 00:55:49
45.170.152.37,1,2026-09-22 13:56:45,2026-09-22 13:56:45
45.170.65.36,1,2026-09-22 17:28:18,2026-09-22 17:28:18
45.170.65.99,1,2026-09-22 13:56:44,2026-09-22 13:56:44
45.170.67.39,1,2026-09-23 19:21:05,2026-09-23 19:21:05
45.171.165.199,1,2026-09-23 19:21:04,2026-09-23 19:21:04
45.171.172.164,1,2026-09-23 02:15:37,2026-09-23 02:15:37
45.171.47.219,1,2026-09-23 18:12:02,2026-09-23 18:12:02
45.171.47.221,1,2026-09-24 14:53:31,2026-09-24 14:53:31
45.171.48.128,1,2026-09-23 01:35:58,2026-09-23 01:35:58
45.171.96.93,1,2026-09-22 22:56:03,2026-09-22 22:56:03
45.172.142.89,1,2026-09-23 21:45:50,2026-09-23 21:45:50
45.172.19.108,1,2026-09-23 02:14:32,2026-09-23 02:14:32
45.172.222.171,1,2026-09-21 20:49:17,2026-09-21 20:49:17
45.172.227.21,1,2026-09-21 21:28:50,2026-09-21 21:28:50
45.172.230.238,1,2026-09-23 21:20:31,2026-09-23 21:20:31
45.172.99.179,1,2026-09-24 16:16:51,2026-09-24 16:16:51
45.173.164.249,1,2026-09-21 21:44:42,2026-09-21 21:44:42
45.173.197.129,1,2026-09-23 18:12:01,2026-09-23 18:12:01
45.173.226.10,1,2026-09-23 18:12:00,2026-09-23 18:12:00
45.173.226.242,1,2026-09-19 11:37:53,2026-09-19 11:37:53
45.173.234.156,1,2026-09-23 22:50:20,2026-09-23 22:50:20
45.173.28.55,1,2026-09-21 21:28:53,2026-09-21 21:28:53
45.174.108.122,1,2026-09-23 21:20:32,2026-09-23 21:20:32
45.174.123.58,1,2026-09-19 11:37:54,2026-09-19 11:37:54
45.174.130.127,1,2026-09-22 23:48:35,2026-09-22 23:48:35
45.174.167.232,1,2026-09-22 21:31:39,2026-09-22 21:31:39
45.174.169.251,1,2026-09-23 20:21:00,2026-09-23 20:21:00
45.174.239.63,1,2026-09-24 17:57:46,2026-09-24 17:57:46
45.175.114.149,1,2026-09-23 02:15:36,2026-09-23 02:15:36
45.175.200.66,1,2026-09-22 13:56:45,2026-09-22 13:56:45
45.175.6.0,1,2026-09-24 01:25:00,2026-09-24 01:25:00
45.176.1.49,1,2026-09-22 21:31:38,2026-09-22 21:31:38
45.176.145.89,1,2026-09-23 01:59:30,2026-09-23 01:59:30
45.177.104.33,1,2026-09-23 01:35:58,2026-09-23 01:35:58
45.177.210.61,1,2026-09-23 01:35:57,2026-09-23 01:35:57
45.177.218.179,1,2026-09-23 22:50:19,2026-09-23 22:50:19
45.178.122.175,1,2026-09-23 02:16:39,2026-09-23 02:16:39
45.178.195.185,1,2026-09-24 22:59:07,2026-09-24 22:59:07
45.178.195.189,1,2026-09-22 23:48:38,2026-09-22 23:48:38
45.178.211.132,1,2026-09-23 00:55:04,2026-09-23 00:55:04
45.178.51.4,1,2026-09-22 10:57:54,2026-09-22 10:57:54
45.179.102.18,1,2026-09-23 02:15:36,2026-09-23 02:15:36
45.179.129.6,1,2026-09-23 01:12:28,2026-09-23 01:12:28
45.179.2.119,1,2026-09-22 17:28:18,2026-09-22 17:28:18
45.179.2.49,1,2026-09-23 02:15:35,2026-09-23 02:15:35
45.180.149.212,1,2026-09-23 02:15:36,2026-09-23 02:15:36
45.180.237.132,1,2026-09-23 19:21:04,2026-09-23 19:21:04
45.180.62.55,1,2026-09-25 01:22:36,2026-09-25 01:22:36
45.181.100.142,1,2026-09-24 16:16:51,2026-09-24 16:16:51
45.181.101.123,1,2026-09-23 20:21:02,2026-09-23 20:21:02
45.181.145.204,1,2026-09-24 13:07:20,2026-09-24 13:07:20
45.181.152.8,1,2026-09-24 17:57:47,2026-09-24 17:57:47
45.181.197.139,1,2026-09-23 00:36:58,2026-09-23 00:36:58
45.182.61.1,1,2026-09-23 00:55:49,2026-09-23 00:55:49
45.183.118.150,1,2026-09-22 23:58:16,2026-09-22 23:58:16
45.183.173.138,1,2026-09-23 22:50:20,2026-09-23 22:50:20
45.183.195.245,1,2026-09-23 18:12:01,2026-09-23 18:12:01
45.183.216.234,1,2026-09-23 01:11:26,2026-09-23 01:11:26
45.183.241.106,1,2026-09-24 14:25:15,2026-09-24 14:25:15
45.183.57.46,1,2026-09-23 02:02:40,2026-09-23 02:02:40
45.184.115.19,1,2026-09-23 00:36:58,2026-09-23 00:36:58
45.184.34.213,1,2026-09-23 19:21:05,2026-09-23 19:21:05
45.184.61.121,1,2026-09-24 00:08:44,2026-09-24 00:08:44
45.185.108.225,1,2026-09-23 21:45:50,2026-09-23 21:45:50
45.185.108.243,1,2026-09-21 20:49:16,2026-09-21 20:49:16
45.185.173.155,1,2026-09-23 01:58:21,2026-09-23 01:58:21
45.185.227.28,1,2026-09-24 14:53:31,2026-09-24 14:53:31
45.185.248.126,1,2026-09-22 23:48:35,2026-09-22 23:48:35
45.186.177.243,1,2026-09-23 00:36:58,2026-09-23 00:36:58
45.186.199.6,1,2026-09-22 13:56:45,2026-09-22 13:56:45
45.186.209.166,1,2026-09-22 10:57:54,2026-09-22 10:57:54
45.186.215.48,1,2026-09-23 01:58:40,2026-09-23 01:58:40
45.186.25.101,1,2026-09-23 02:16:39,2026-09-23 02:16:39
45.186.99.167,1,2026-09-23 02:15:35,2026-09-23 02:15:35
45.187.118.71,1,2026-09-22 23:16:20,2026-09-22 23:16:20
45.187.163.165,1,2026-09-21 20:49:16,2026-09-21 20:49:16
45.187.213.49,1,2026-09-23 19:21:04,2026-09-23 19:21:04
45.187.222.71,1,2026-09-23 01:58:34,2026-09-23 01:58:34
45.187.41.157,1,2026-09-22 10:57:55,2026-09-22 10:57:55
45.187.5.75,1,2026-09-22 23:48:35,2026-09-22 23:48:35
45.187.65.142,1,2026-09-22 23:16:20,2026-09-22 23:16:20
45.187.7.204,1,2026-09-23 00:54:48,2026-09-23 00:54:48
45.188.178.1,1,2026-09-17 01:06:20,2026-09-17 01:06:20
45.189.217.55,1,2026-09-22 17:28:18,2026-09-22 17:28:18
45.189.239.7,1,2026-09-23 00:27:03,2026-09-23 00:27:03
45.189.77.234,1,2026-09-23 01:09:22,2026-09-23 01:09:22
45.190.107.173,1,2026-09-24 14:25:16,2026-09-24 14:25:16
45.190.117.75,1,2026-09-23 00:53:46,2026-09-23 00:53:46
45.190.134.29,1,2026-09-25 01:22:36,2026-09-25 01:22:36
45.190.135.12,1,2026-09-24 14:53:31,2026-09-24 14:53:31
45.190.254.9,1,2026-09-19 11:37:53,2026-09-19 11:37:53
45.190.70.48,1,2026-09-23 18:12:01,2026-09-23 18:12:01
45.191.195.250,1,2026-09-23 01:09:22,2026-09-23 01:09:22
45.192.130.173,1,2026-09-23 01:28:33,2026-09-23 01:28:33
45.194.80.16,1,2026-09-22 17:28:18,2026-09-22 17:28:18
45.195.79.5,1,2026-09-24 23:56:13,2026-09-24 23:56:13
45.198.56.14,1,2026-09-19 11:37:53,2026-09-19 11:37:53
45.215.255.87,1,2026-09-23 02:16:40,2026-09-23 02:16:40
45.224.114.169,1,2026-09-22 23:48:35,2026-09-22 23:48:35
45.224.120.215,1,2026-09-23 01:35:57,2026-09-23 01:35:57
45.224.139.253,1,2026-09-24 16:16:51,2026-09-24 16:16:51
45.224.234.145,1,2026-09-23 22:50:19,2026-09-23 22:50:19
45.224.234.50,1,2026-09-21 22:25:42,2026-09-21 22:25:42
45.224.40.220,1,2026-09-23 01:10:27,2026-09-23 01:10:27
45.225.141.223,1,2026-09-22 13:18:40,2026-09-22 13:18:40
45.225.147.156,1,2026-09-23 00:53:46,2026-09-23 00:53:46
45.225.163.10,1,2026-09-23 02:14:32,2026-09-23 02:14:32
45.225.171.142,1,2026-09-23 01:35:57,2026-09-23 01:35:57
45.225.193.90,1,2026-09-24 14:25:17,2026-09-24 14:25:17
45.225.235.112,1,2026-09-23 01:10:23,2026-09-23 01:10:23
45.225.61.127,1,2026-09-24 16:16:52,2026-09-24 16:16:52
45.225.64.120,1,2026-09-23 18:12:00,2026-09-23 18:12:00
45.226.117.87,1,2026-09-22 13:56:45,2026-09-22 13:56:45
45.226.118.34,1,2026-09-22 21:31:38,2026-09-22 21:31:38
45.226.238.155,1,2026-09-24 17:57:46,2026-09-24 17:57:46
45.226.238.167,1,2026-09-23 18:12:01,2026-09-23 18:12:01
45.226.238.30,1,2026-09-23 00:36:58,2026-09-23 00:36:58
45.226.42.196,1,2026-09-22 13:56:44,2026-09-22 13:56:44
45.226.43.66,1,2026-09-24 16:16:51,2026-09-24 16:16:51
45.227.167.120,1,2026-09-24 13:07:21,2026-09-24 13:07:21
45.227.187.53,1,2026-09-17 01:06:20,2026-09-17 01:06:20
45.228.136.105,1,2026-09-23 00:53:46,2026-09-23 00:53:46
45.228.188.69,1,2026-09-21 21:44:42,2026-09-21 21:44:42
45.228.2.87,1,2026-09-23 02:15:36,2026-09-23 02:15:36
45.228.241.179,1,2026-09-24 14:53:31,2026-09-24 14:53:31
45.228.77.160,1,2026-09-23 02:16:39,2026-09-23 02:16:39
45.229.157.98,1,2026-09-23 01:12:29,2026-09-23 01:12:29
45.229.84.170,1,2026-09-21 21:44:42,2026-09-21 21:44:42
45.229.85.227,1,2026-09-24 14:25:16,2026-09-24 14:25:16
45.229.85.228,1,2026-09-24 01:25:00,2026-09-24 01:25:00
45.229.85.235,1,2026-09-22 17:28:18,2026-09-22 17:28:18
45.229.86.109,1,2026-09-23 00:53:46,2026-09-23 00:53:46
45.230.168.183,1,2026-09-23 02:02:42,2026-09-23 02:02:42
45.230.181.219,1,2026-09-23 20:21:01,2026-09-23 20:21:01
45.230.57.218,1,2026-09-23 01:35:57,2026-09-23 01:35:57
45.231.122.100,1,2026-09-23 02:02:41,2026-09-23 02:02:41
45.231.13.118,1,2026-09-22 18:22:23,2026-09-22 18:22:23
45.231.254.239,1,2026-09-24 17:57:47,2026-09-24 17:57:47
45.232.226.197,1,2026-09-19 11:37:53,2026-09-19 11:37:53
45.232.42.185,1,2026-09-21 20:49:16,2026-09-21 20:49:16
45.232.7.214,1,2026-09-23 01:11:26,2026-09-23 01:11:26
45.233.159.23,1,2026-09-24 16:16:50,2026-09-24 16:16:50
45.233.201.252,1,2026-09-19 11:37:53,2026-09-19 11:37:53
45.234.155.167,1,2026-09-24 17:57:46,2026-09-24 17:57:46
45.234.17.73,1,2026-09-23 01:36:23,2026-09-23 01:36:23
45.234.207.210,1,2026-09-21 21:28:50,2026-09-21 21:28:50
45.234.54.145,1,2026-09-23 01:35:57,2026-09-23 01:35:57
45.234.79.182,1,2026-09-23 01:11:26,2026-09-23 01:11:26
45.235.122.128,1,2026-09-22 19:33:51,2026-09-22 19:33:51
45.235.123.93,1,2026-09-23 01:53:56,2026-09-23 01:53:56
45.235.163.179,1,2026-09-23 01:35:57,2026-09-23 01:35:57
45.235.168.108,1,2026-09-22 21:31:39,2026-09-22 21:31:39
45.235.85.172,1,2026-09-19 11:37:53,2026-09-19 11:37:53
45.236.118.101,1,2026-09-23 01:55:07,2026-09-23 01:55:07
45.236.132.41,1,2026-09-24 13:07:20,2026-09-24 13:07:20
45.236.135.126,1,2026-09-23 20:21:01,2026-09-23 20:21:01
45.236.138.185,1,2026-09-23 02:02:40,2026-09-23 02:02:40
45.236.18.61,1,2026-09-23 00:36:58,2026-09-23 00:36:58
45.236.208.72,1,2026-09-22 13:56:45,2026-09-22 13:56:45
45.236.21.216,1,2026-09-21 21:28:50,2026-09-21 21:28:50
45.236.216.53,1,2026-09-24 16:16:51,2026-09-24 16:16:51
45.236.226.120,1,2026-09-23 00:36:58,2026-09-23 00:36:58
45.236.227.198,1,2026-09-22 13:56:45,2026-09-22 13:56:45
45.237.159.138,1,2026-09-22 21:31:39,2026-09-22 21:31:39
45.237.200.240,1,2026-09-21 20:49:16,2026-09-21 20:49:16
45.238.100.166,1,2026-09-21 20:49:16,2026-09-21 20:49:16
45.238.120.152,1,2026-09-23 18:12:00,2026-09-23 18:12:00
45.238.124.143,1,2026-09-24 22:59:07,2026-09-24 22:59:07
45.238.130.52,1,2026-09-25 01:22:36,2026-09-25 01:22:36
45.238.144.52,1,2026-09-22 23:48:37,2026-09-22 23:48:37
45.238.182.231,1,2026-09-23 01:58:22,2026-09-23 01:58:22
45.238.254.127,1,2026-09-25 01:22:46,2026-09-25 01:22:46
45.238.255.215,1,2026-09-24 00:08:45,2026-09-24 00:08:45
45.238.5.254,1,2026-09-23 01:55:03,2026-09-23 01:55:03
45.239.133.121,1,2026-09-21 21:28:51,2026-09-21 21:28:51
45.239.166.161,1,2026-09-23 21:20:31,2026-09-23 21:20:31
45.250.246.242,1,2026-09-23 22:50:19,2026-09-23 22:50:19
45.251.33.183,1,2026-09-23 21:45:49,2026-09-23 21:45:49
45.38.2.219,1,2026-09-23 00:27:02,2026-09-23 00:27:02
45.4.133.207,1,2026-09-24 16:16:51,2026-09-24 16:16:51
45.4.52.105,1,2026-09-23 02:14:33,2026-09-23 02:14:33
45.4.57.106,1,2026-09-23 20:21:01,2026-09-23 20:21:01
45.4.58.0,1,2026-09-21 20:49:17,2026-09-21 20:49:17
45.41.104.111,1,2026-09-23 21:45:50,2026-09-23 21:45:50
45.41.104.158,1,2026-09-24 22:59:07,2026-09-24 22:59:07
45.41.104.247,1,2026-09-23 02:02:41,2026-09-23 02:02:41
45.47.199.148,1,2026-09-21 21:44:42,2026-09-21 21:44:42
45.5.109.193,1,2026-09-22 22:56:02,2026-09-22 22:56:02
45.5.110.10,1,2026-09-23 19:21:04,2026-09-23 19:21:04
45.5.143.56,1,2026-09-22 23:16:20,2026-09-22 23:16:20
45.5.4.185,1,2026-09-23 20:21:02,2026-09-23 20:21:02
45.6.128.179,1,2026-09-21 20:49:16,2026-09-21 20:49:16
45.6.162.126,1,2026-09-23 00:27:03,2026-09-23 00:27:03
45.6.34.81,1,2026-09-25 01:22:36,2026-09-25 01:22:36
45.65.205.189,1,2026-09-23 21:20:31,2026-09-23 21:20:31
45.65.224.74,1,2026-09-23 01:12:30,2026-09-23 01:12:30
45.66.230.134,1,2026-09-23 01:28:33,2026-09-23 01:28:33
45.67.245.110,1,2026-09-23 02:02:49,2026-09-23 02:02:49
45.7.15.105,1,2026-09-24 00:08:46,2026-09-24 00:08:46
45.70.165.60,1,2026-09-25 01:22:36,2026-09-25 01:22:36
45.70.30.59,1,2026-09-22 21:31:38,2026-09-22 21:31:38
45.71.110.135,1,2026-09-19 02:30:43,2026-09-19 02:30:43
45.71.154.35,1,2026-09-21 22:09:53,2026-09-21 22:09:53
45.71.163.36,1,2026-09-22 13:56:44,2026-09-22 13:56:44
45.74.240.143,1,2026-09-23 01:09:22,2026-09-23 01:09:22
45.81.124.49,1,2026-09-25 01:22:36,2026-09-25 01:22:36
45.9.29.247,1,2026-09-24 13:07:22,2026-09-24 13:07:22
45.9.31.57,1,2026-09-23 01:27:32,2026-09-23 01:27:32
46.0.52.31,1,2026-09-23 22:50:19,2026-09-23 22:50:19
46.1.104.39,1,2026-09-21 21:29:26,2026-09-21 21:29:26
46.1.230.234,1,2026-09-23 02:16:39,2026-09-23 02:16:39
46.11.241.124,1,2026-09-23 01:53:56,2026-09-23 01:53:56
46.146.172.199,1,2026-09-23 01:09:22,2026-09-23 01:09:22
46.149.61.53,1,2026-09-23 00:53:46,2026-09-23 00:53:46
46.149.81.231,1,2026-09-22 23:58:15,2026-09-22 23:58:15
46.149.82.39,1,2026-09-23 00:37:01,2026-09-23 00:37:01
46.149.91.242,1,2026-09-22 23:16:20,2026-09-22 23:16:20
46.149.93.81,1,2026-09-23 02:02:40,2026-09-23 02:02:40
46.150.67.91,1,2026-09-23 01:59:30,2026-09-23 01:59:30
46.150.81.106,1,2026-09-23 01:28:33,2026-09-23 01:28:33
46.150.81.173,1,2026-09-23 02:02:40,2026-09-23 02:02:40
46.158.71.205,1,2026-09-24 13:07:20,2026-09-24 13:07:20
46.174.127.128,1,2026-09-22 17:28:18,2026-09-22 17:28:18
46.174.67.93,1,2026-09-23 00:54:48,2026-09-23 00:54:48
46.175.188.237,1,2026-09-23 01:59:30,2026-09-23 01:59:30
46.190.122.146,1,2026-09-23 01:28:33,2026-09-23 01:28:33
46.191.146.56,1,2026-09-23 00:54:48,2026-09-23 00:54:48
46.196.80.132,1,2026-09-23 00:54:49,2026-09-23 00:54:49
46.200.197.45,1,2026-09-17 01:06:31,2026-09-17 01:06:31
46.200.80.111,1,2026-09-17 01:06:20,2026-09-17 01:06:20
46.201.176.197,1,2026-09-23 02:15:35,2026-09-23 02:15:35
46.201.23.116,1,2026-09-23 01:55:03,2026-09-23 01:55:03
46.201.92.204,1,2026-09-23 01:59:30,2026-09-23 01:59:30
46.229.63.13,1,2026-09-22 10:57:54,2026-09-22 10:57:54
46.25.248.124,1,2026-09-23 01:12:39,2026-09-23 01:12:39
46.252.217.125,1,2026-09-23 01:28:33,2026-09-23 01:28:33
46.27.153.150,1,2026-09-24 23:56:13,2026-09-24 23:56:13
46.29.29.1,1,2026-09-23 02:16:39,2026-09-23 02:16:39
46.36.123.86,1,2026-09-23 22:23:33,2026-09-23 22:23:33
46.39.248.98,1,2026-09-23 01:35:57,2026-09-23 01:35:57
46.46.117.253,1,2026-09-21 22:08:43,2026-09-21 22:08:43
46.60.101.16,1,2026-09-24 01:24:58,2026-09-24 01:24:58
46.63.110.155,1,2026-09-23 18:12:03,2026-09-23 18:12:03
46.8.148.253,1,2026-09-24 23:56:14,2026-09-24 23:56:14
46.98.59.29,1,2026-09-23 22:50:21,2026-09-23 22:50:21
46.98.60.96,1,2026-09-23 01:27:32,2026-09-23 01:27:32
46.98.62.197,1,2026-09-23 21:20:32,2026-09-23 21:20:32
46.99.200.130,1,2026-09-24 01:24:58,2026-09-24 01:24:58
47.13.153.227,1,2026-09-24 01:24:58,2026-09-24 01:24:58
47.15.104.26,1,2026-09-22 23:58:16,2026-09-22 23:58:16
47.15.218.66,1,2026-09-21 21:44:45,2026-09-21 21:44:45
47.15.244.176,1,2026-09-23 02:16:39,2026-09-23 02:16:39
47.31.88.155,1,2026-09-22 10:57:55,2026-09-22 10:57:55
49.144.37.34,1,2026-09-24 13:07:20,2026-09-24 13:07:20
49.145.128.146,1,2026-09-24 14:25:16,2026-09-24 14:25:16
49.145.193.246,1,2026-09-24 14:25:28,2026-09-24 14:25:28
49.146.75.248,1,2026-09-23 22:23:34,2026-09-23 22:23:34
49.147.49.221,1,2026-09-23 02:02:40,2026-09-23 02:02:40
49.147.52.170,1,2026-09-24 13:07:20,2026-09-24 13:07:20
49.15.101.162,1,2026-09-22 19:33:53,2026-09-22 19:33:53
49.150.192.216,1,2026-09-24 23:56:13,2026-09-24 23:56:13
49.151.180.198,1,2026-09-22 23:48:35,2026-09-22 23:48:35
49.156.107.132,1,2026-09-22 19:33:52,2026-09-22 19:33:52
49.156.86.113,1,2026-09-23 00:53:46,2026-09-23 00:53:46
49.204.105.167,1,2026-09-23 21:45:49,2026-09-23 21:45:49
49.204.215.34,1,2026-09-24 22:59:07,2026-09-24 22:59:07
49.205.230.238,1,2026-09-23 21:20:39,2026-09-23 21:20:39
49.207.247.64,1,2026-09-22 16:27:01,2026-09-22 16:27:01
49.238.51.37,1,2026-09-24 13:07:20,2026-09-24 13:07:20
49.245.7.242,1,2026-09-23 22:50:20,2026-09-23 22:50:20
49.36.118.49,1,2026-09-24 14:25:17,2026-09-24 14:25:17
49.36.136.103,1,2026-09-24 14:25:16,2026-09-24 14:25:16
49.36.144.35,1,2026-09-24 23:56:14,2026-09-24 23:56:14
49.36.168.201,1,2026-09-23 19:21:04,2026-09-23 19:21:04
49.36.177.213,1,2026-09-24 13:07:21,2026-09-24 13:07:21
49.36.185.103,1,2026-09-22 23:48:35,2026-09-22 23:48:35
49.36.192.199,1,2026-09-23 01:11:28,2026-09-23 01:11:28
49.36.208.181,1,2026-09-22 13:56:44,2026-09-22 13:56:44
49.36.211.134,1,2026-09-23 00:27:02,2026-09-23 00:27:02
49.36.216.143,1,2026-09-23 22:50:23,2026-09-23 22:50:23
49.36.220.250,1,2026-09-23 21:45:50,2026-09-23 21:45:50
49.36.221.57,1,2026-09-21 21:44:43,2026-09-21 21:44:43
49.36.222.89,1,2026-09-24 23:56:14,2026-09-24 23:56:14
49.36.233.188,1,2026-09-22 13:56:45,2026-09-22 13:56:45
49.36.237.18,1,2026-09-23 01:54:00,2026-09-23 01:54:00
49.36.242.203,1,2026-09-21 21:28:57,2026-09-21 21:28:57
49.36.26.213,1,2026-09-24 14:25:15,2026-09-24 14:25:15
49.36.44.31,1,2026-09-24 14:25:15,2026-09-24 14:25:15
49.36.75.42,1,2026-09-25 01:22:35,2026-09-25 01:22:35
49.37.100.223,1,2026-09-22 23:16:20,2026-09-22 23:16:20
49.37.110.132,1,2026-09-23 01:12:28,2026-09-23 01:12:28
49.37.110.166,1,2026-09-17 01:06:20,2026-09-17 01:06:20
49.37.157.212,1,2026-09-23 00:27:02,2026-09-23 00:27:02
49.37.221.253,1,2026-09-23 22:23:33,2026-09-23 22:23:33
49.37.64.1,1,2026-09-23 00:54:47,2026-09-23 00:54:47
49.42.250.251,1,2026-09-21 21:44:42,2026-09-21 21:44:42
49.43.110.88,1,2026-09-21 21:44:43,2026-09-21 21:44:43
49.43.111.47,1,2026-09-22 10:57:54,2026-09-22 10:57:54
49.43.130.180,1,2026-09-23 00:55:48,2026-09-23 00:55:48
49.43.131.131,1,2026-09-23 21:45:50,2026-09-23 21:45:50
49.43.132.244,1,2026-09-22 23:48:35,2026-09-22 23:48:35
49.43.134.114,1,2026-09-23 21:45:50,2026-09-23 21:45:50
49.43.135.91,1,2026-09-23 01:10:26,2026-09-23 01:10:26
49.43.145.47,1,2026-09-23 22:23:34,2026-09-23 22:23:34
49.43.160.56,1,2026-09-21 21:28:51,2026-09-21 21:28:51
49.43.169.109,1,2026-09-21 21:28:50,2026-09-21 21:28:50
49.43.169.118,1,2026-09-23 00:54:48,2026-09-23 00:54:48
49.43.170.183,1,2026-09-22 13:18:40,2026-09-22 13:18:40
49.43.181.121,1,2026-09-22 23:16:20,2026-09-22 23:16:20
49.43.187.139,1,2026-09-22 13:56:46,2026-09-22 13:56:46
49.43.194.145,1,2026-09-22 19:33:51,2026-09-22 19:33:51
49.43.2.155,1,2026-09-23 00:54:48,2026-09-23 00:54:48
49.43.218.94,1,2026-09-23 01:09:22,2026-09-23 01:09:22
49.43.233.217,1,2026-09-23 01:53:56,2026-09-23 01:53:56
49.43.34.221,1,2026-09-17 01:06:43,2026-09-17 01:06:43
49.43.43.43,1,2026-09-23 22:50:20,2026-09-23 22:50:20
49.43.88.61,1,2026-09-23 01:09:22,2026-09-23 01:09:22
49.43.91.182,1,2026-09-24 14:25:15,2026-09-24 14:25:15
49.43.92.27,1,2026-09-21 21:28:51,2026-09-21 21:28:51
49.47.193.46,1,2026-09-23 22:23:34,2026-09-23 22:23:34
49.47.8.88,1,2026-09-23 01:45:14,2026-09-23 01:45:14
49.47.8.92,1,2026-09-24 23:56:14,2026-09-24 23:56:14
49.48.151.66,1,2026-09-23 22:23:33,2026-09-23 22:23:33
5.111.64.148,1,2026-09-23 02:14:33,2026-09-23 02:14:33
5.119.241.31,1,2026-09-24 16:16:53,2026-09-24 16:16:53
5.134.52.229,1,2026-09-23 01:55:03,2026-09-23 01:55:03
5.136.27.119,1,2026-09-22 17:28:18,2026-09-22 17:28:18
5.137.41.116,1,2026-09-23 21:45:50,2026-09-23 21:45:50
5.154.228.226,1,2026-09-22 23:58:15,2026-09-22 23:58:15
5.155.111.190,1,2026-09-23 02:14:38,2026-09-23 02:14:38
5.155.74.201,1,2026-09-23 02:14:46,2026-09-23 02:14:46
5.162.106.226,1,2026-09-21 21:44:42,2026-09-21 21:44:42
5.162.88.174,1,2026-09-23 00:53:46,2026-09-23 00:53:46
5.175.146.121,1,2026-09-23 01:53:57,2026-09-23 01:53:57
5.175.147.144,1,2026-09-23 02:16:39,2026-09-23 02:16:39
5.175.148.153,1,2026-09-23 01:09:25,2026-09-23 01:09:25
5.175.148.232,1,2026-09-23 01:12:28,2026-09-23 01:12:28
5.175.149.231,1,2026-09-23 21:45:50,2026-09-23 21:45:50
5.175.156.83,1,2026-09-22 17:28:18,2026-09-22 17:28:18
5.182.96.250,1,2026-09-23 22:50:19,2026-09-23 22:50:19
5.192.92.200,1,2026-09-23 00:53:49,2026-09-23 00:53:49
5.227.9.165,1,2026-09-23 01:09:22,2026-09-23 01:09:22
5.25.129.224,1,2026-09-23 02:15:36,2026-09-23 02:15:36
5.251.83.74,1,2026-09-24 22:59:07,2026-09-24 22:59:07
5.31.229.144,1,2026-09-21 21:28:51,2026-09-21 21:28:51
5.37.102.155,1,2026-09-23 01:55:04,2026-09-23 01:55:04
5.37.130.149,1,2026-09-23 00:27:02,2026-09-23 00:27:02
5.44.170.122,1,2026-09-23 01:27:32,2026-09-23 01:27:32
5.45.135.96,1,2026-09-23 01:11:28,2026-09-23 01:11:28
5.53.113.90,1,2026-09-24 01:24:58,2026-09-24 01:24:58
5.57.70.96,1,2026-09-23 01:12:28,2026-09-23 01:12:28
5.59.105.7,1,2026-09-17 01:06:32,2026-09-17 01:06:32
5.62.149.71,1,2026-09-23 22:50:19,2026-09-23 22:50:19
5.77.197.184,1,2026-09-23 22:50:19,2026-09-23 22:50:19
50.101.29.74,1,2026-09-23 02:14:32,2026-09-23 02:14:32
50.4.59.71,1,2026-09-23 01:55:03,2026-09-23 01:55:03
50.67.169.139,1,2026-09-23 21:46:03,2026-09-23 21:46:03
51.252.143.241,1,2026-09-22 23:48:37,2026-09-22 23:48:37
51.253.238.145,1,2026-09-17 01:06:33,2026-09-17 01:06:33
51.253.238.80,1,2026-09-23 00:53:46,2026-09-23 00:53:46
51.36.172.9,1,2026-09-23 01:27:32,2026-09-23 01:27:32
51.36.221.75,1,2026-09-22 17:28:19,2026-09-22 17:28:19
51.36.227.219,1,2026-09-23 00:54:48,2026-09-23 00:54:48
51.36.227.96,1,2026-09-23 19:21:04,2026-09-23 19:21:04
51.36.232.249,1,2026-09-22 17:28:18,2026-09-22 17:28:18
51.36.232.86,1,2026-09-21 21:44:42,2026-09-21 21:44:42
51.36.95.231,1,2026-09-22 23:58:15,2026-09-22 23:58:15
58.10.118.15,1,2026-09-23 02:14:32,2026-09-23 02:14:32
58.10.200.48,1,2026-09-24 22:59:07,2026-09-24 22:59:07
58.136.142.85,1,2026-09-22 10:57:53,2026-09-22 10:57:53
58.136.46.41,1,2026-09-23 01:59:30,2026-09-23 01:59:30
58.56.210.194,1,2026-09-23 21:45:50,2026-09-23 21:45:50
59.103.102.90,1,2026-09-23 01:10:30,2026-09-23 01:10:30
59.103.5.149,1,2026-09-23 01:59:46,2026-09-23 01:59:46
59.152.97.58,1,2026-09-21 20:49:16,2026-09-21 20:49:16
59.184.97.84,1,2026-09-23 00:53:46,2026-09-23 00:53:46
60.186.188.105,1,2026-09-22 18:22:22,2026-09-22 18:22:22
60.241.172.250,1,2026-09-24 13:07:20,2026-09-24 13:07:20
60.53.35.230,1,2026-09-23 21:20:31,2026-09-23 21:20:31
61.6.167.131,1,2026-09-22 22:56:03,2026-09-22 22:56:03
62.133.39.40,1,2026-09-17 01:06:36,2026-09-17 01:06:36
62.162.184.23,1,2026-09-19 11:37:53,2026-09-19 11:37:53
62.194.192.2,1,2026-09-24 17:57:45,2026-09-24 17:57:45
62.217.145.67,1,2026-09-23 01:58:21,2026-09-23 01:58:21
62.217.151.187,1,2026-09-22 23:48:35,2026-09-22 23:48:35
62.217.159.217,1,2026-09-23 00:54:48,2026-09-23 00:54:48
62.221.119.128,1,2026-09-25 01:22:37,2026-09-25 01:22:37
62.221.122.78,1,2026-09-23 00:53:46,2026-09-23 00:53:46
62.221.94.20,1,2026-09-23 20:21:00,2026-09-23 20:21:00
62.30.196.33,1,2026-09-24 14:53:31,2026-09-24 14:53:31
62.4.35.175,1,2026-09-23 01:12:29,2026-09-23 01:12:29
62.82.220.38,1,2026-09-24 14:25:15,2026-09-24 14:25:15
63.143.177.103,1,2026-09-23 01:45:13,2026-09-23 01:45:13
64.137.206.4,1,2026-09-23 01:27:34,2026-09-23 01:27:34
64.224.128.110,1,2026-09-22 18:22:22,2026-09-22 18:22:22
64.65.107.47,1,2026-09-22 23:58:16,2026-09-22 23:58:16
64.76.106.10,1,2026-09-23 01:10:23,2026-09-23 01:10:23
66.118.180.90,1,2026-09-24 14:25:18,2026-09-24 14:25:18
66.9.161.197,1,2026-09-23 22:23:36,2026-09-23 22:23:36
66.9.173.17,1,2026-09-23 01:28:33,2026-09-23 01:28:33
66.9.173.242,1,2026-09-17 01:06:39,2026-09-17 01:06:39
66.9.173.52,1,2026-09-23 22:23:35,2026-09-23 22:23:35
67.218.251.162,1,2026-09-22 22:56:02,2026-09-22 22:56:02
67.68.114.158,1,2026-09-24 17:57:46,2026-09-24 17:57:46
68.69.91.239,1,2026-09-21 21:28:50,2026-09-21 21:28:50
69.119.0.151,1,2026-09-23 01:55:03,2026-09-23 01:55:03
69.160.103.94,1,2026-09-24 22:59:07,2026-09-24 22:59:07
69.80.2.230,1,2026-09-24 23:56:13,2026-09-24 23:56:13
69.88.44.252,1,2026-09-23 02:14:36,2026-09-23 02:14:36
69.94.82.14,1,2026-09-22 23:48:35,2026-09-22 23:48:35
70.121.47.102,1,2026-09-24 14:53:31,2026-09-24 14:53:31
70.40.82.183,1,2026-09-23 01:45:17,2026-09-23 01:45:17
70.70.200.171,1,2026-09-24 00:08:43,2026-09-24 00:08:43
71.125.63.46,1,2026-09-22 23:16:20,2026-09-22 23:16:20
71.167.87.135,1,2026-09-23 00:55:48,2026-09-23 00:55:48
71.175.203.182,1,2026-09-23 01:45:13,2026-09-23 01:45:13
71.251.229.180,1,2026-09-23 21:20:31,2026-09-23 21:20:31
72.255.47.24,1,2026-09-25 01:22:37,2026-09-25 01:22:37
72.255.6.63,1,2026-09-23 01:55:03,2026-09-23 01:55:03
72.50.3.101,1,2026-09-22 22:56:02,2026-09-22 22:56:02
74.101.92.123,1,2026-09-24 01:24:58,2026-09-24 01:24:58
74.118.62.69,1,2026-09-24 22:59:07,2026-09-24 22:59:07
74.244.129.17,1,2026-09-23 01:45:13,2026-09-23 01:45:13
74.244.129.234,1,2026-09-22 23:58:16,2026-09-22 23:58:16
74.244.135.100,1,2026-09-23 02:16:39,2026-09-23 02:16:39
74.244.191.100,1,2026-09-23 01:12:29,2026-09-23 01:12:29
74.244.195.45,1,2026-09-23 01:09:23,2026-09-23 01:09:23
74.57.213.13,1,2026-09-23 02:16:39,2026-09-23 02:16:39
76.170.147.54,1,2026-09-23 01:58:21,2026-09-23 01:58:21
76.35.217.25,1,2026-09-24 14:53:31,2026-09-24 14:53:31
76.37.68.140,1,2026-09-24 23:56:13,2026-09-24 23:56:13
76.46.0.210,1,2026-09-22 19:33:51,2026-09-22 19:33:51
76.91.96.111,1,2026-09-22 21:31:38,2026-09-22 21:31:38
77.201.35.221,1,2026-09-24 14:53:31,2026-09-24 14:53:31
77.204.247.163,1,2026-09-23 01:35:59,2026-09-23 01:35:59
77.224.170.141,1,2026-09-17 01:06:20,2026-09-17 01:06:20
77.226.192.186,1,2026-09-17 01:06:20,2026-09-17 01:06:20
77.235.104.83,1,2026-09-23 00:53:46,2026-09-23 00:53:46
77.235.118.226,1,2026-09-23 02:14:32,2026-09-23 02:14:32
77.239.160.220,1,2026-09-23 00:55:48,2026-09-23 00:55:48
77.239.165.58,1,2026-09-17 01:06:19,2026-09-17 01:06:19
77.239.190.118,1,2026-09-23 02:02:40,2026-09-23 02:02:40
77.31.102.127,1,2026-09-24 23:56:13,2026-09-24 23:56:13
77.38.28.206,1,2026-09-22 23:16:20,2026-09-22 23:16:20
77.52.212.187,1,2026-09-22 22:56:02,2026-09-22 22:56:02
77.52.212.189,1,2026-09-22 21:31:39,2026-09-22 21:31:39
77.75.145.80,1,2026-09-21 21:44:42,2026-09-21 21:44:42
77.91.150.98,1,2026-09-23 01:55:03,2026-09-23 01:55:03
77.92.251.195,1,2026-09-23 01:53:56,2026-09-23 01:53:56
78.100.188.165,1,2026-09-23 01:11:26,2026-09-23 01:11:26
78.101.17.249,1,2026-09-22 23:16:21,2026-09-22 23:16:21
78.109.79.6,1,2026-09-23 02:02:40,2026-09-23 02:02:40
78.132.173.27,1,2026-09-23 01:59:29,2026-09-23 01:59:29
78.159.82.168,1,2026-09-23 02:16:39,2026-09-23 02:16:39
78.171.53.145,1,2026-09-24 14:25:15,2026-09-24 14:25:15
78.174.140.6,1,2026-09-17 01:06:32,2026-09-17 01:06:32
78.174.223.27,1,2026-09-23 01:11:26,2026-09-23 01:11:26
78.177.129.122,1,2026-09-23 22:23:34,2026-09-23 22:23:34
78.177.208.58,1,2026-09-23 01:59:29,2026-09-23 01:59:29
78.2.143.41,1,2026-09-23 01:58:21,2026-09-23 01:58:21
78.240.146.9,1,2026-09-17 01:06:31,2026-09-17 01:06:31
78.26.151.60,1,2026-09-23 01:12:28,2026-09-23 01:12:28
78.40.177.13,1,2026-09-22 23:16:22,2026-09-22 23:16:22
78.87.218.26,1,2026-09-22 18:22:23,2026-09-22 18:22:23
79.101.197.228,1,2026-09-23 01:27:39,2026-09-23 01:27:39
79.106.123.103,1,2026-09-23 01:28:35,2026-09-23 01:28:35
79.106.124.78,1,2026-09-23 01:12:34,2026-09-23 01:12:34
79.106.224.204,1,2026-09-24 16:16:50,2026-09-24 16:16:50
79.106.33.69,1,2026-09-23 00:37:03,2026-09-23 00:37:03
79.116.174.125,1,2026-09-24 16:16:51,2026-09-24 16:16:51
79.116.216.208,1,2026-09-22 18:22:22,2026-09-22 18:22:22
79.117.137.199,1,2026-09-23 00:27:02,2026-09-23 00:27:02
79.117.158.30,1,2026-09-22 13:56:47,2026-09-22 13:56:47
79.117.194.176,1,2026-09-23 20:21:00,2026-09-23 20:21:00
79.117.196.14,1,2026-09-24 16:16:58,2026-09-24 16:16:58
79.117.224.219,1,2026-09-21 21:44:42,2026-09-21 21:44:42
79.117.239.113,1,2026-09-23 01:27:32,2026-09-23 01:27:32
79.117.239.58,1,2026-09-22 21:31:39,2026-09-22 21:31:39
79.131.158.211,1,2026-09-21 21:28:51,2026-09-21 21:28:51
79.142.199.220,1,2026-09-23 00:54:48,2026-09-23 00:54:48
79.147.38.253,1,2026-09-22 18:22:23,2026-09-22 18:22:23
79.174.26.13,1,2026-09-24 22:59:07,2026-09-24 22:59:07
79.177.158.109,1,2026-09-23 02:02:40,2026-09-23 02:02:40
79.28.31.210,1,2026-09-23 19:21:04,2026-09-23 19:21:04
79.29.104.26,1,2026-09-22 18:22:25,2026-09-22 18:22:25
79.41.31.189,1,2026-09-25 01:22:35,2026-09-25 01:22:35
79.98.118.31,1,2026-09-23 02:14:40,2026-09-23 02:14:40
79.98.34.3,1,2026-09-23 01:27:34,2026-09-23 01:27:34
79.98.34.52,1,2026-09-23 01:12:28,2026-09-23 01:12:28
8.243.72.172,1,2026-09-23 22:23:34,2026-09-23 22:23:34
8.243.73.74,1,2026-09-24 00:08:44,2026-09-24 00:08:44
80.102.218.141,1,2026-09-23 18:12:00,2026-09-23 18:12:00
80.103.32.116,1,2026-09-23 01:10:23,2026-09-23 01:10:23
80.113.117.73,1,2026-09-23 02:14:32,2026-09-23 02:14:32
80.195.206.178,1,2026-09-23 22:23:35,2026-09-23 22:23:35
80.230.78.237,1,2026-09-23 00:54:48,2026-09-23 00:54:48
80.246.81.62,1,2026-09-23 20:21:02,2026-09-23 20:21:02
80.249.139.253,1,2026-09-23 01:11:26,2026-09-23 01:11:26
80.251.229.207,1,2026-09-24 01:24:58,2026-09-24 01:24:58
80.80.116.199,1,2026-09-23 01:53:56,2026-09-23 01:53:56
80.86.229.21,1,2026-09-24 22:59:07,2026-09-24 22:59:07
80.91.173.51,1,2026-09-23 01:28:33,2026-09-23 01:28:33
80.91.214.148,1,2026-09-23 18:12:01,2026-09-23 18:12:01
80.94.250.112,1,2026-09-17 01:06:30,2026-09-17 01:06:30
80.94.250.209,1,2026-09-22 18:22:22,2026-09-22 18:22:22
80.94.250.44,1,2026-09-23 01:59:30,2026-09-23 01:59:30
80.94.250.58,1,2026-09-22 18:22:22,2026-09-22 18:22:22
81.228.52.89,1,2026-09-25 01:22:35,2026-09-25 01:22:35
81.25.77.4,1,2026-09-21 21:44:42,2026-09-21 21:44:42
81.251.64.10,1,2026-09-23 00:55:48,2026-09-23 00:55:48
81.43.71.217,1,2026-09-24 17:57:47,2026-09-24 17:57:47
81.45.72.249,1,2026-09-22 13:56:44,2026-09-22 13:56:44
81.65.134.254,1,2026-09-23 20:21:00,2026-09-23 20:21:00
81.65.166.122,1,2026-09-22 21:31:38,2026-09-22 21:31:38
81.65.166.248,1,2026-09-23 00:54:47,2026-09-23 00:54:47
81.65.93.239,1,2026-09-23 01:09:22,2026-09-23 01:09:22
81.79.62.98,1,2026-09-23 01:35:58,2026-09-23 01:35:58
81.94.252.54,1,2026-09-23 01:10:24,2026-09-23 01:10:24
81.95.227.132,1,2026-09-22 13:56:45,2026-09-22 13:56:45
82.129.23.114,1,2026-09-23 01:09:22,2026-09-23 01:09:22
82.167.161.240,1,2026-09-24 22:59:07,2026-09-24 22:59:07
82.167.32.82,1,2026-09-23 01:11:27,2026-09-23 01:11:27
82.180.190.169,1,2026-09-23 01:55:06,2026-09-23 01:55:06
82.194.23.161,1,2026-09-24 22:59:07,2026-09-24 22:59:07
82.194.25.30,1,2026-09-23 00:54:48,2026-09-23 00:54:48
82.199.210.7,1,2026-09-23 01:59:32,2026-09-23 01:59:32
82.205.41.185,1,2026-09-21 21:29:00,2026-09-21 21:29:00
82.208.114.147,1,2026-09-23 01:11:26,2026-09-23 01:11:26
82.208.126.213,1,2026-09-22 23:16:22,2026-09-22 23:16:22
82.215.104.30,1,2026-09-22 13:56:45,2026-09-22 13:56:45
82.215.105.37,1,2026-09-21 21:28:50,2026-09-21 21:28:50
82.215.107.215,1,2026-09-21 22:25:42,2026-09-21 22:25:42
82.215.109.29,1,2026-09-23 19:21:04,2026-09-23 19:21:04
82.215.110.100,1,2026-09-24 22:59:07,2026-09-24 22:59:07
82.215.111.66,1,2026-09-23 00:36:58,2026-09-23 00:36:58
82.215.127.97,1,2026-09-23 01:10:23,2026-09-23 01:10:23
82.215.80.126,1,2026-09-23 00:54:48,2026-09-23 00:54:48
82.215.98.29,1,2026-09-21 21:29:00,2026-09-21 21:29:00
82.231.143.18,1,2026-09-24 00:08:44,2026-09-24 00:08:44
82.231.144.163,1,2026-09-23 00:53:46,2026-09-23 00:53:46
82.233.253.58,1,2026-09-21 21:44:42,2026-09-21 21:44:42
82.32.170.31,1,2026-09-24 16:16:55,2026-09-24 16:16:55
82.37.188.42,1,2026-09-23 18:12:00,2026-09-23 18:12:00
82.43.99.156,1,2026-09-23 00:55:49,2026-09-23 00:55:49
82.5.235.100,1,2026-09-23 02:02:40,2026-09-23 02:02:40
82.54.148.100,1,2026-09-21 22:25:42,2026-09-21 22:25:42
82.63.108.156,1,2026-09-23 01:35:57,2026-09-23 01:35:57
82.7.118.217,1,2026-09-23 21:45:52,2026-09-23 21:45:52
82.79.237.142,1,2026-09-23 01:27:32,2026-09-23 01:27:32
82.86.104.22,1,2026-09-23 01:55:04,2026-09-23 01:55:04
82.86.134.217,1,2026-09-22 13:56:45,2026-09-22 13:56:45
82.86.138.178,1,2026-09-23 00:27:03,2026-09-23 00:27:03
82.86.68.9,1,2026-09-22 23:58:15,2026-09-22 23:58:15
83.134.80.24,1,2026-09-23 02:15:35,2026-09-23 02:15:35
83.144.147.212,1,2026-09-24 14:53:31,2026-09-24 14:53:31
83.159.70.191,1,2026-09-23 00:55:48,2026-09-23 00:55:48
83.171.206.70,1,2026-09-23 02:02:42,2026-09-23 02:02:42
83.171.207.86,1,2026-09-24 01:25:02,2026-09-24 01:25:02
83.172.42.32,1,2026-09-23 01:55:05,2026-09-23 01:55:05
83.58.249.49,1,2026-09-24 22:59:07,2026-09-24 22:59:07
83.59.201.115,1,2026-09-22 22:56:02,2026-09-22 22:56:02
83.6.193.140,1,2026-09-23 00:54:48,2026-09-23 00:54:48
84.1.171.138,1,2026-09-24 23:56:16,2026-09-24 23:56:16
84.129.58.206,1,2026-09-24 23:56:13,2026-09-24 23:56:13
84.54.70.14,1,2026-09-23 01:53:58,2026-09-23 01:53:58
84.54.70.170,1,2026-09-23 01:12:29,2026-09-23 01:12:29
84.54.71.185,1,2026-09-23 00:54:48,2026-09-23 00:54:48
84.54.71.41,1,2026-09-19 11:37:53,2026-09-19 11:37:53
84.54.72.71,1,2026-09-24 01:25:00,2026-09-24 01:25:00
84.54.73.92,1,2026-09-19 11:37:53,2026-09-19 11:37:53
84.69.72.180,1,2026-09-23 01:28:34,2026-09-23 01:28:34
84.79.28.143,1,2026-09-23 02:15:35,2026-09-23 02:15:35
85.106.119.208,1,2026-09-23 19:21:06,2026-09-23 19:21:06
85.106.242.201,1,2026-09-23 02:16:39,2026-09-23 02:16:39
85.114.212.128,1,2026-09-21 21:44:42,2026-09-21 21:44:42
85.132.127.66,1,2026-09-23 01:55:03,2026-09-23 01:55:03
85.174.196.170,1,2026-09-23 20:21:01,2026-09-23 20:21:01
85.174.201.228,1,2026-09-23 21:45:50,2026-09-23 21:45:50
85.187.212.56,1,2026-09-23 02:02:40,2026-09-23 02:02:40
85.217.139.140,1,2026-09-23 02:15:35,2026-09-23 02:15:35
85.217.203.161,1,2026-09-24 14:25:40,2026-09-24 14:25:40
85.234.105.42,1,2026-09-22 19:33:51,2026-09-22 19:33:51
85.245.240.63,1,2026-09-24 16:16:50,2026-09-24 16:16:50
85.253.216.173,1,2026-09-23 02:02:40,2026-09-23 02:02:40
85.3.247.29,1,2026-09-23 01:28:33,2026-09-23 01:28:33
85.48.246.175,1,2026-09-21 20:49:17,2026-09-21 20:49:17
85.49.139.149,1,2026-09-22 22:56:02,2026-09-22 22:56:02
85.61.97.246,1,2026-09-24 17:57:45,2026-09-24 17:57:45
85.69.97.70,1,2026-09-23 01:10:23,2026-09-23 01:10:23
85.72.85.191,1,2026-09-17 01:06:36,2026-09-17 01:06:36
85.73.105.209,1,2026-09-23 19:21:04,2026-09-23 19:21:04
86.108.19.116,1,2026-09-23 22:23:34,2026-09-23 22:23:34
86.120.178.53,1,2026-09-23 18:12:00,2026-09-23 18:12:00
86.122.113.27,1,2026-09-17 01:06:28,2026-09-17 01:06:28
86.135.94.167,1,2026-09-22 17:28:18,2026-09-22 17:28:18
86.15.10.187,1,2026-09-22 17:28:18,2026-09-22 17:28:18
86.160.144.19,1,2026-09-23 00:54:48,2026-09-23 00:54:48
86.177.110.71,1,2026-09-23 20:21:00,2026-09-23 20:21:00
86.202.116.236,1,2026-09-17 01:06:20,2026-09-17 01:06:20
86.229.218.111,1,2026-09-24 14:53:31,2026-09-24 14:53:31
86.241.229.204,1,2026-09-23 02:15:35,2026-09-23 02:15:35
86.244.180.159,1,2026-09-25 01:22:35,2026-09-25 01:22:35
86.244.73.172,1,2026-09-23 01:58:21,2026-09-23 01:58:21
86.252.233.210,1,2026-09-25 01:22:35,2026-09-25 01:22:35
86.252.45.174,1,2026-09-22 13:56:45,2026-09-22 13:56:45
86.42.124.157,1,2026-09-23 02:15:36,2026-09-23 02:15:36
86.44.213.22,1,2026-09-23 02:14:32,2026-09-23 02:14:32
86.45.223.241,1,2026-09-23 00:27:02,2026-09-23 00:27:02
86.47.65.38,1,2026-09-23 01:28:33,2026-09-23 01:28:33
86.75.172.136,1,2026-09-21 20:49:16,2026-09-21 20:49:16
86.8.184.234,1,2026-09-23 00:53:46,2026-09-23 00:53:46
86.84.179.27,1,2026-09-24 14:53:36,2026-09-24 14:53:36
86.98.55.207,1,2026-09-23 22:23:33,2026-09-23 22:23:33
86.99.230.199,1,2026-09-23 00:53:46,2026-09-23 00:53:46
87.116.132.247,1,2026-09-23 01:45:13,2026-09-23 01:45:13
87.125.89.1,1,2026-09-23 21:20:30,2026-09-23 21:20:30
87.201.116.160,1,2026-09-23 22:50:20,2026-09-23 22:50:20
87.201.185.24,1,2026-09-21 23:11:34,2026-09-21 23:11:34
87.218.92.35,1,2026-09-23 21:20:31,2026-09-23 21:20:31
87.219.65.21,1,2026-09-23 01:35:59,2026-09-23 01:35:59
87.236.149.69,1,2026-09-23 02:16:39,2026-09-23 02:16:39
87.241.156.181,1,2026-09-22 23:58:15,2026-09-22 23:58:15
87.248.239.146,1,2026-09-22 17:28:18,2026-09-22 17:28:18
87.54.64.130,1,2026-09-23 01:09:23,2026-09-23 01:09:23
88.118.29.146,1,2026-09-23 01:11:26,2026-09-23 01:11:26
88.165.161.114,1,2026-09-23 01:58:21,2026-09-23 01:58:21
88.170.173.63,1,2026-09-23 02:16:39,2026-09-23 02:16:39
88.171.249.192,1,2026-09-23 01:59:29,2026-09-23 01:59:29
88.174.127.170,1,2026-09-24 14:25:15,2026-09-24 14:25:15
88.175.193.16,1,2026-09-22 23:58:15,2026-09-22 23:58:15
88.178.46.63,1,2026-09-23 01:58:22,2026-09-23 01:58:22
88.185.40.100,1,2026-09-24 13:07:20,2026-09-24 13:07:20
88.186.133.82,1,2026-09-23 22:23:33,2026-09-23 22:23:33
88.187.175.28,1,2026-09-23 01:55:03,2026-09-23 01:55:03
88.188.221.76,1,2026-09-23 01:58:21,2026-09-23 01:58:21
88.20.106.219,1,2026-09-23 20:21:01,2026-09-23 20:21:01
88.200.215.62,1,2026-09-23 01:28:33,2026-09-23 01:28:33
88.201.175.138,1,2026-09-24 23:56:13,2026-09-24 23:56:13
88.203.75.192,1,2026-09-23 01:55:05,2026-09-23 01:55:05
88.230.4.241,1,2026-09-17 01:08:50,2026-09-17 01:08:50
88.234.199.221,1,2026-09-23 22:23:34,2026-09-23 22:23:34
88.235.213.220,1,2026-09-23 00:53:46,2026-09-23 00:53:46
88.241.45.246,1,2026-09-23 01:11:26,2026-09-23 01:11:26
88.242.216.27,1,2026-09-22 23:58:16,2026-09-22 23:58:16
89.105.224.208,1,2026-09-23 01:45:13,2026-09-23 01:45:13
89.105.233.253,1,2026-09-23 01:12:28,2026-09-23 01:12:28
89.140.7.87,1,2026-09-22 23:48:36,2026-09-22 23:48:36
89.146.64.184,1,2026-09-22 23:58:15,2026-09-22 23:58:15
89.151.178.20,1,2026-09-23 01:53:56,2026-09-23 01:53:56
89.172.202.85,1,2026-09-23 00:27:02,2026-09-23 00:27:02
89.254.180.79,1,2026-09-22 13:56:47,2026-09-22 13:56:47
89.42.112.21,1,2026-09-24 16:16:51,2026-09-24 16:16:51
89.43.133.137,1,2026-09-23 01:45:13,2026-09-23 01:45:13
89.43.135.56,1,2026-09-23 01:45:13,2026-09-23 01:45:13
89.43.135.62,1,2026-09-23 01:09:38,2026-09-23 01:09:38
89.46.204.100,1,2026-09-23 01:09:23,2026-09-23 01:09:23
89.47.236.37,1,2026-09-22 21:31:38,2026-09-22 21:31:38
89.83.22.118,1,2026-09-22 13:56:44,2026-09-22 13:56:44
89.85.119.34,1,2026-09-23 02:15:35,2026-09-23 02:15:35
89.85.80.136,1,2026-09-23 21:20:32,2026-09-23 21:20:32
89.90.160.77,1,2026-09-22 21:31:38,2026-09-22 21:31:38
89.92.156.93,1,2026-09-19 11:37:53,2026-09-19 11:37:53
89.92.183.217,1,2026-09-24 01:24:58,2026-09-24 01:24:58
89.92.191.54,1,2026-09-23 21:20:31,2026-09-23 21:20:31
89.92.29.134,1,2026-09-22 22:56:03,2026-09-22 22:56:03
89.93.194.134,1,2026-09-23 01:35:57,2026-09-23 01:35:57
89.93.206.217,1,2026-09-24 00:08:43,2026-09-24 00:08:43
89.93.43.60,1,2026-09-23 22:50:27,2026-09-23 22:50:27
89.93.73.159,1,2026-09-23 01:12:33,2026-09-23 01:12:33
89.93.85.251,1,2026-09-24 17:57:45,2026-09-24 17:57:45
90.108.45.80,1,2026-09-23 01:12:28,2026-09-23 01:12:28
90.112.243.7,1,2026-09-24 13:07:20,2026-09-24 13:07:20
90.116.233.104,1,2026-09-25 01:22:35,2026-09-25 01:22:35
90.133.110.92,1,2026-09-23 22:23:36,2026-09-23 22:23:36
90.150.253.151,1,2026-09-22 23:48:35,2026-09-22 23:48:35
90.205.139.2,1,2026-09-25 01:22:36,2026-09-25 01:22:36
90.3.243.146,1,2026-09-23 01:11:30,2026-09-23 01:11:30
90.53.12.96,1,2026-09-23 00:55:48,2026-09-23 00:55:48
90.55.77.70,1,2026-09-23 18:12:00,2026-09-23 18:12:00
90.65.48.59,1,2026-09-22 23:58:15,2026-09-22 23:58:15
90.70.250.156,1,2026-09-23 02:15:35,2026-09-23 02:15:35
90.90.42.170,1,2026-09-23 02:02:40,2026-09-23 02:02:40
91.106.59.34,1,2026-09-23 01:45:13,2026-09-23 01:45:13
91.123.150.241,1,2026-09-23 02:15:36,2026-09-23 02:15:36
91.123.154.73,1,2026-09-23 01:58:22,2026-09-23 01:58:22
91.148.37.225,1,2026-09-24 22:59:08,2026-09-24 22:59:08
91.150.71.183,1,2026-09-23 01:12:45,2026-09-23 01:12:45
91.178.75.222,1,2026-09-23 19:21:04,2026-09-23 19:21:04
91.186.254.20,1,2026-09-24 14:25:16,2026-09-24 14:25:16
91.189.167.81,1,2026-09-24 01:24:59,2026-09-24 01:24:59
91.196.178.111,1,2026-09-23 02:16:39,2026-09-23 02:16:39
91.196.178.123,1,2026-09-23 01:58:21,2026-09-23 01:58:21
91.196.55.182,1,2026-09-19 11:37:53,2026-09-19 11:37:53
91.198.249.46,1,2026-09-23 00:53:46,2026-09-23 00:53:46
91.201.244.62,1,2026-09-22 23:58:16,2026-09-22 23:58:16
91.203.142.221,1,2026-09-23 00:53:46,2026-09-23 00:53:46
91.205.199.163,1,2026-09-23 00:54:48,2026-09-23 00:54:48
91.207.104.253,1,2026-09-23 00:27:02,2026-09-23 00:27:02
91.207.245.153,1,2026-09-24 16:16:51,2026-09-24 16:16:51
91.207.245.224,1,2026-09-24 01:24:59,2026-09-24 01:24:59
91.207.88.195,1,2026-09-23 20:21:00,2026-09-23 20:21:00
91.211.236.230,1,2026-09-22 19:33:51,2026-09-22 19:33:51
91.217.197.19,1,2026-09-24 01:24:59,2026-09-24 01:24:59
91.218.128.166,1,2026-09-24 01:25:01,2026-09-24 01:25:01
91.218.88.220,1,2026-09-23 02:02:40,2026-09-23 02:02:40
91.218.89.7,1,2026-09-23 02:16:39,2026-09-23 02:16:39
91.219.255.31,1,2026-09-22 23:48:35,2026-09-22 23:48:35
91.220.112.213,1,2026-09-23 21:45:49,2026-09-23 21:45:49
91.221.64.9,1,2026-09-23 20:21:01,2026-09-23 20:21:01
91.225.162.113,1,2026-09-23 19:21:04,2026-09-23 19:21:04
91.225.162.60,1,2026-09-24 00:08:43,2026-09-24 00:08:43
91.225.162.89,1,2026-09-23 01:09:22,2026-09-23 01:09:22
91.226.34.239,1,2026-09-23 01:12:30,2026-09-23 01:12:30
91.228.217.61,1,2026-09-22 23:48:36,2026-09-22 23:48:36
91.231.41.211,1,2026-09-23 18:12:00,2026-09-23 18:12:00
91.231.42.246,1,2026-09-23 01:12:28,2026-09-23 01:12:28
91.233.172.251,1,2026-09-23 01:58:22,2026-09-23 01:58:22
91.234.25.197,1,2026-09-23 00:54:48,2026-09-23 00:54:48
91.234.25.203,1,2026-09-23 01:55:04,2026-09-23 01:55:04
91.234.26.217,1,2026-09-23 01:11:26,2026-09-23 01:11:26
91.235.226.102,1,2026-09-22 13:56:45,2026-09-22 13:56:45
91.235.226.138,1,2026-09-24 16:16:50,2026-09-24 16:16:50
91.236.139.21,1,2026-09-23 00:36:58,2026-09-23 00:36:58
91.237.122.248,1,2026-09-23 01:09:22,2026-09-23 01:09:22
91.240.96.52,1,2026-09-23 00:55:49,2026-09-23 00:55:49
91.241.177.181,1,2026-09-23 01:58:21,2026-09-23 01:58:21
91.242.147.214,1,2026-09-24 16:16:50,2026-09-24 16:16:50
91.242.55.137,1,2026-09-22 13:56:46,2026-09-22 13:56:46
91.243.181.207,1,2026-09-21 22:25:43,2026-09-21 22:25:43
91.244.0.154,1,2026-09-23 01:55:03,2026-09-23 01:55:03
91.247.182.13,1,2026-09-24 01:24:58,2026-09-24 01:24:58
91.247.182.15,1,2026-09-23 01:58:21,2026-09-23 01:58:21
91.254.44.108,1,2026-09-19 22:48:32,2026-09-19 22:48:32
91.62.94.27,1,2026-09-23 00:36:58,2026-09-23 00:36:58
91.94.83.37,1,2026-09-23 02:16:40,2026-09-23 02:16:40
91.95.7.233,1,2026-09-23 21:45:50,2026-09-23 21:45:50
92.119.60.66,1,2026-09-23 22:23:34,2026-09-23 22:23:34
92.130.58.46,1,2026-09-23 01:27:32,2026-09-23 01:27:32
92.142.132.191,1,2026-09-22 23:16:26,2026-09-22 23:16:26
92.145.85.210,1,2026-09-23 19:21:04,2026-09-23 19:21:04
92.170.191.59,1,2026-09-19 11:37:53,2026-09-19 11:37:53
92.180.237.107,1,2026-09-24 22:59:07,2026-09-24 22:59:07
92.209.187.167,1,2026-09-23 01:45:13,2026-09-23 01:45:13
92.240.59.50,1,2026-09-24 01:25:11,2026-09-24 01:25:11
92.249.62.119,1,2026-09-23 01:58:21,2026-09-23 01:58:21
92.251.112.40,1,2026-09-22 23:16:20,2026-09-22 23:16:20
92.251.26.125,1,2026-09-19 11:37:53,2026-09-19 11:37:53
92.252.222.118,1,2026-09-24 13:07:34,2026-09-24 13:07:34
92.53.16.24,1,2026-09-23 01:10:24,2026-09-23 01:10:24
92.53.16.55,1,2026-09-23 01:55:04,2026-09-23 01:55:04
92.53.17.16,1,2026-09-21 21:28:51,2026-09-21 21:28:51
93.108.134.68,1,2026-09-23 20:21:00,2026-09-23 20:21:00
93.170.127.5,1,2026-09-23 01:10:24,2026-09-23 01:10:24
93.170.153.166,1,2026-09-23 00:55:48,2026-09-23 00:55:48
93.170.162.8,1,2026-09-23 01:55:06,2026-09-23 01:55:06
93.170.220.198,1,2026-09-23 01:12:28,2026-09-23 01:12:28
93.170.220.207,1,2026-09-22 13:56:45,2026-09-22 13:56:45
93.170.30.178,1,2026-09-23 01:27:33,2026-09-23 01:27:33
93.170.89.231,1,2026-09-24 13:07:20,2026-09-24 13:07:20
93.171.187.141,1,2026-09-23 21:45:50,2026-09-23 21:45:50
93.171.247.171,1,2026-09-19 11:37:53,2026-09-19 11:37:53
93.175.44.37,1,2026-09-21 21:28:50,2026-09-21 21:28:50
93.180.222.60,1,2026-09-23 01:55:04,2026-09-23 01:55:04
93.185.44.163,1,2026-09-23 01:45:13,2026-09-23 01:45:13
93.235.18.4,1,2026-09-24 17:57:45,2026-09-24 17:57:45
93.29.216.215,1,2026-09-23 02:15:35,2026-09-23 02:15:35
93.35.146.96,1,2026-09-23 02:02:40,2026-09-23 02:02:40
93.43.251.162,1,2026-09-23 01:55:03,2026-09-23 01:55:03
93.44.116.220,1,2026-09-23 21:45:50,2026-09-23 21:45:50
93.47.41.50,1,2026-09-22 18:22:22,2026-09-22 18:22:22
93.62.67.117,1,2026-09-24 23:56:13,2026-09-24 23:56:13
93.70.85.126,1,2026-09-21 21:28:50,2026-09-21 21:28:50
93.87.220.191,1,2026-09-23 22:23:35,2026-09-23 22:23:35
93.94.156.185,1,2026-09-23 01:28:33,2026-09-23 01:28:33
94.1.170.156,1,2026-09-23 01:53:56,2026-09-23 01:53:56
94.105.53.169,1,2026-09-22 23:58:16,2026-09-22 23:58:16
94.120.142.54,1,2026-09-23 22:23:43,2026-09-23 22:23:43
94.139.154.165,1,2026-09-24 14:25:16,2026-09-24 14:25:16
94.139.28.129,1,2026-09-23 00:36:59,2026-09-23 00:36:59
94.141.84.14,1,2026-09-24 13:07:20,2026-09-24 13:07:20
94.158.58.151,1,2026-09-24 22:59:07,2026-09-24 22:59:07
94.158.58.185,1,2026-09-22 18:22:24,2026-09-22 18:22:24
94.158.58.206,1,2026-09-22 18:22:23,2026-09-22 18:22:23
94.158.60.12,1,2026-09-23 00:53:46,2026-09-23 00:53:46
94.158.60.54,1,2026-09-23 02:02:40,2026-09-23 02:02:40
94.179.0.49,1,2026-09-21 20:49:17,2026-09-21 20:49:17
94.187.17.68,1,2026-09-23 02:00:16,2026-09-23 02:00:16
94.20.42.131,1,2026-09-22 23:16:20,2026-09-22 23:16:20
94.201.9.221,1,2026-09-22 23:16:20,2026-09-22 23:16:20
94.231.176.46,1,2026-09-22 22:56:02,2026-09-22 22:56:02
94.231.176.74,1,2026-09-22 19:33:51,2026-09-22 19:33:51
94.248.11.173,1,2026-09-23 00:55:49,2026-09-23 00:55:49
94.248.148.115,1,2026-09-24 16:16:51,2026-09-24 16:16:51
94.249.249.38,1,2026-09-22 23:58:15,2026-09-22 23:58:15
94.249.5.111,1,2026-09-24 23:56:13,2026-09-24 23:56:13
94.43.190.252,1,2026-09-23 01:09:22,2026-09-23 01:09:22
94.47.131.142,1,2026-09-23 01:09:28,2026-09-23 01:09:28
94.50.23.115,1,2026-09-23 22:50:19,2026-09-23 22:50:19
94.60.65.73,1,2026-09-22 19:33:51,2026-09-22 19:33:51
94.62.101.85,1,2026-09-24 17:57:45,2026-09-24 17:57:45
94.73.46.112,1,2026-09-24 01:24:59,2026-09-24 01:24:59
94.78.212.26,1,2026-09-21 21:44:43,2026-09-21 21:44:43
94.9.78.11,1,2026-09-22 13:56:50,2026-09-22 13:56:50
95.13.61.97,1,2026-09-23 01:10:26,2026-09-23 01:10:26
95.137.197.78,1,2026-09-22 23:48:35,2026-09-22 23:48:35
95.142.88.58,1,2026-09-23 00:53:46,2026-09-23 00:53:46
95.164.66.199,1,2026-09-23 01:09:22,2026-09-23 01:09:22
95.178.86.206,1,2026-09-23 21:45:50,2026-09-23 21:45:50
95.22.152.95,1,2026-09-25 01:22:36,2026-09-25 01:22:36
95.23.208.149,1,2026-09-23 19:21:06,2026-09-23 19:21:06
95.235.49.52,1,2026-09-24 14:53:31,2026-09-24 14:53:31
95.237.64.240,1,2026-09-24 13:07:20,2026-09-24 13:07:20
95.24.105.246,1,2026-09-23 19:21:04,2026-09-23 19:21:04
95.252.216.105,1,2026-09-23 01:10:24,2026-09-23 01:10:24
95.26.152.64,1,2026-09-21 21:28:51,2026-09-21 21:28:51
95.26.174.214,1,2026-09-22 23:48:35,2026-09-22 23:48:35
95.26.181.225,1,2026-09-23 01:09:22,2026-09-23 01:09:22
95.26.193.141,1,2026-09-21 21:28:50,2026-09-21 21:28:50
95.26.244.141,1,2026-09-23 01:59:30,2026-09-23 01:59:30
95.26.87.133,1,2026-09-23 21:45:51,2026-09-23 21:45:51
95.37.8.178,1,2026-09-23 01:09:51,2026-09-23 01:09:51
95.46.104.141,1,2026-09-23 02:15:35,2026-09-23 02:15:35
95.46.142.87,1,2026-09-23 02:16:39,2026-09-23 02:16:39
95.57.255.116,1,2026-09-23 21:20:31,2026-09-23 21:20:31
95.58.69.54,1,2026-09-23 01:09:22,2026-09-23 01:09:22
95.63.213.23,1,2026-09-23 20:21:00,2026-09-23 20:21:00
95.73.47.143,1,2026-09-23 01:55:03,2026-09-23 01:55:03
95.86.51.117,1,2026-09-23 18:12:01,2026-09-23 18:12:01
95.90.240.169,1,2026-09-23 01:53:56,2026-09-23 01:53:56
96.20.228.20,1,2026-09-23 18:12:01,2026-09-23 18:12:01
96.245.11.129,1,2026-09-24 23:56:13,2026-09-24 23:56:13
96.9.141.167,1,2026-09-24 00:08:51,2026-09-24 00:08:51
97.88.212.150,1,2026-09-23 01:59:30,2026-09-23 01:59:30
98.14.139.113,1,2026-09-23 01:10:24,2026-09-23 01:10:24
98.17.68.2,1,2026-09-17 01:06:32,2026-09-17 01:06:32
98.97.151.47,1,2026-09-25 01:22:38,2026-09-25 01:22:38
98.97.36.140,1,2026-09-23 01:59:30,2026-09-23 01:59:30
99.130.232.89,1,2026-09-23 01:58:23,2026-09-23 01:58:23
99.188.31.97,1,2026-09-24 01:24:58,2026-09-24 01:24:58
99.250.232.81,1,2026-09-23 22:23:34,2026-09-23 22:23:34
99.34.112.68,1,2026-09-19 11:37:54,2026-09-19 11:37:54
99.65.49.32,1,2026-09-17 01:06:32,2026-09-17 01:06:32
